0.001 4.53662e-06 4.54284e-06 4.54006e-06 4.52698e-06 (count: 9.99e+07)
0.002 1.8146e-05 1.81707e-05 1.81598e-05 1.81074e-05 (count: 9.99e+07)
0.003 4.08264e-05 4.08817e-05 4.08578e-05 4.07397e-05 (count: 9.99e+07)
0.004 7.25753e-05 7.26726e-05 7.26319e-05 7.24213e-05 (count: 9.98999e+07)
0.005 0.000113389 0.000113539 0.000113479 0.000113149 (count: 9.98999e+07)
0.006 0.000163262 0.000163475 0.000163394 0.000162917 (count: 9.98999e+07)
0.007 0.00022219 0.000222474 0.000222374 0.000221721 (count: 9.98999e+07)
0.008 0.000290164 0.000290528 0.000290411 0.000289553 (count: 9.98999e+07)
0.009 0.000367178 0.000367627 0.000367499 0.000366407 (count: 9.98998e+07)
0.01 0.000453221 0.00045376 0.000453631 0.000452273 (count: 9.98998e+07)
0.011 0.000548285 0.000548915 0.000548797 0.000547141 (count: 9.98998e+07)
0.012 0.000652357 0.00065308 0.000652989 0.000651002 (count: 9.98998e+07)
0.013 0.000765426 0.000766239 0.000766196 0.000763842 (count: 9.98998e+07)
0.014 0.000887478 0.000888377 0.000888406 0.00088565 (count: 9.98997e+07)
0.015 0.0010185 0.00101948 0.00101961 0.00101641 (count: 9.98997e+07)
0.016 0.00115847 0.00115952 0.00115979 0.00115611 (count: 9.98997e+07)
0.017 0.00130739 0.00130849 0.00130893 0.00130474 (count: 9.98997e+07)
0.018 0.00146522 0.00146636 0.00146703 0.00146227 (count: 9.98997e+07)
0.019 0.00163196 0.00163312 0.00163406 0.00162868 (count: 9.98996e+07)
0.02 0.00180757 0.00180874 0.00181001 0.00180397 (count: 9.98996e+07)
0.021 0.00199205 0.00199319 0.00199486 0.00198812 (count: 9.98996e+07)
0.022 0.00218538 0.00218645 0.00218859 0.00218109 (count: 9.98996e+07)
0.023 0.00238752 0.00238849 0.00239119 0.00238287 (count: 9.98996e+07)
0.024 0.00259845 0.0025993 0.00260263 0.00259343 (count: 9.98995e+07)
0.025 0.00281816 0.00281883 0.0028229 0.00281276 (count: 3.99598e+06)
0.05 0.0110733 0.0110392 0.0111224 0.0110582 (count: 3.99596e+06)
0.075 0.0242129 0.0240109 0.0244312 0.0241968 (count: 3.99594e+06)
0.1 0.0414334 0.0408003 0.0420719 0.0414281 (count: 3.99592e+06)
0.125 0.0617969 0.0603414 0.0632576 0.0617917 (count: 3.9959e+06)
0.15 0.0843404 0.0815722 0.0871841 0.0842648 (count: 3.99588e+06)
0.175 0.108161 0.103538 0.113101 0.107844 (count: 3.99586e+06)
0.2 0.132474 0.125452 0.140363 0.131607 (count: 3.99584e+06)
0.225 0.156649 0.14673 0.168454 0.154762 (count: 3.99582e+06)
0.25 0.180221 0.166988 0.196999 0.176676 (count: 3.9958e+06)
0.275 0.202889 0.186025 0.225753 0.196888 (count: 3.99578e+06)
0.3 0.224493 0.203788 0.254577 0.215115 (count: 3.99576e+06)
0.325 0.244996 0.220339 0.283414 0.231234 (count: 3.99574e+06)
0.35 0.264448 0.235816 0.312258 0.24527 (count: 3.99572e+06)
0.375 0.282967 0.250402 0.341132 0.257366 (count: 3.9957e+06)
0.4 0.30071 0.264306 0.370069 0.267754 (count: 3.99568e+06)
0.425 0.317855 0.277738 0.399098 0.276729 (count: 3.99566e+06)
0.45 0.334582 0.2909 0.428235 0.284612 (count: 3.99564e+06)
0.475 0.351058 0.303966 0.457478 0.291731 (count: 3.99562e+06)
0.5 0.367426 0.31708 0.486806 0.298391 (count: 3.9956e+06)
0.525 0.383796 0.330341 0.516185 0.304863 (count: 3.99558e+06)
0.55 0.400248 0.343808 0.545569 0.311368 (count: 3.99556e+06)
0.575 0.416824 0.357495 0.574909 0.31807 (count: 3.99554e+06)
0.6 0.433536 0.371376 0.604156 0.325078 (count: 3.99552e+06)
0.625 0.450397 0.385995 0.631874 0.333323 (count: 159820)
1.25 0.79308 0.639471 1.23839 0.501379 (count: 159800)
1.875 0.946807 0.74841 1.53129 0.560722 (count: 159780)
2.5 1.04479 0.834447 1.70548 0.594437 (count: 159760)
3.125 1.13552 0.911869 1.87429 0.620413 (count: 159740)
3.75 1.22377 0.988131 2.03759 0.645605 (count: 159720)
4.375 1.3045 1.06288 2.18257 0.668048 (count: 159700)
5 1.37531 1.12847 2.31119 0.68625 (count: 159680)
5.625 1.44416 1.19303 2.4333 0.706157 (count: 159660)
6.25 1.50749 1.2491 2.55085 0.722528 (count: 159640)
6.875 1.57113 1.30719 2.66675 0.739438 (count: 159620)
7.5 1.62862 1.36158 2.77219 0.752073 (count: 159600)
8.125 1.68058 1.41029 2.86782 0.763613 (count: 159580)
8.75 1.73704 1.46302 2.96902 0.77907 (count: 159560)
9.375 1.79503 1.51525 3.07286 0.796991 (count: 159540)
10 1.85121 1.564 3.17596 0.813658 (count: 159520)
10.625 1.90463 1.61277 3.27518 0.825951 (count: 159500)
11.25 1.95893 1.66353 3.3749 0.838344 (count: 159480)
11.875 2.01068 1.71085 3.47046 0.85073 (count: 159460)
12.5 2.05994 1.75468 3.56183 0.863323 (count: 159440)
13.125 2.11184 1.80213 3.65493 0.878457 (count: 159420)
13.75 2.16279 1.85002 3.74616 0.892176 (count: 159400)
14.375 2.21172 1.89602 3.83549 0.903642 (count: 159380)
15 2.25961 1.93909 3.92537 0.914383 (count: 159360)
15.625 2.29486 1.97449 3.97586 0.934219 (count: 6360)
31.25 3.44526 3.01216 6.14024 1.18337 (count: 6340)
46.875 4.39387 3.84862 7.9505 1.3825 (count: 6320)
62.5 5.2581 4.54859 9.70523 1.52047 (count: 6300)
78.125 6.05536 5.20907 11.2355 1.72153 (count: 6280)
93.75 6.76597 5.78557 12.5972 1.91515 (count: 6260)
109.375 7.38892 6.26024 13.8213 2.0852 (count: 6240)
125 7.9361 6.64325 14.9319 2.23319 (count: 6220)
140.625 8.43587 7.00468 15.9531 2.3498 (count: 6200)
156.25 8.99299 7.39822 17.1193 2.46146 (count: 6180)
171.875 9.58637 7.80552 18.3881 2.56547 (count: 6160)
187.5 10.1348 8.20068 19.5852 2.61847 (count: 6140)
203.125 10.6478 8.53328 20.7059 2.70428 (count: 6120)
218.75 11.1929 8.93468 21.858 2.78587 (count: 6100)
234.375 11.6672 9.30066 22.8686 2.83245 (count: 6080)
250 12.1295 9.61122 23.8828 2.89455 (count: 6060)
265.625 12.5197 9.84694 24.7644 2.94777 (count: 6040)
281.25 12.8852 10.1168 25.5368 3.00186 (count: 6020)
296.875 13.3031 10.3518 26.4377 3.11967 (count: 6000)
312.5 13.6205 10.4527 27.2407 3.16824 (count: 5980)
328.125 13.8952 10.4549 27.9586 3.27198 (count: 5960)
343.75 14.2142 10.5448 28.7451 3.3527 (count: 5940)
359.375 14.525 10.6673 29.4425 3.46512 (count: 5920)
375 14.8387 10.8112 30.1614 3.5434 (count: 5900)
390.625 14.3304 11.9315 28.4473 2.61251 (count: 220)
781.25 28.2519 17.7466 63.0567 3.95242 (count: 200)
1171.88 34.869 18.2766 82.0063 4.32427 (count: 180)
1562.5 33.5331 19.2817 77.0497 4.26782 (count: 160)
1953.12 30.1268 19.1529 66.8644 4.36316 (count: 140)
2343.75 30.8116 20.5422 67.4973 4.39522 (count: 120)
2734.38 42.1352 24.6116 97.1614 4.63254 (count: 100)
3125 55.3157 29.0239 132.222 4.7009 (count: 80)
3515.62 61.4906 29.9549 148.819 5.69805 (count: 60)
3906.25 64.7382 31.5336 154.287 8.39399 (count: 40)
4296.88 64.0881 26.1924 155.869 10.203 (count: 20)
