0.001 1.35731e-05 4.55251e-06 4.55943e-06 4.46119e-06 (count: 4.995e+06)
0.002 5.4291e-05 1.82095e-05 1.82373e-05 1.78443e-05 (count: 4.995e+06)
0.003 0.000122149 4.09692e-05 4.10323e-05 4.01477e-05 (count: 4.995e+06)
0.004 0.00021714 7.28287e-05 7.29424e-05 7.1369e-05 (count: 4.995e+06)
0.005 0.000339253 0.000113784 0.000113965 0.000111505 (count: 4.995e+06)
0.006 0.000488475 0.00016383 0.000164095 0.00016055 (count: 4.995e+06)
0.007 0.000664789 0.00022296 0.000223329 0.0002185 (count: 4.99499e+06)
0.008 0.000868177 0.000291167 0.000291662 0.000285347 (count: 4.99499e+06)
0.009 0.00109861 0.000368443 0.000369086 0.000361085 (count: 4.99499e+06)
0.01 0.00135608 0.000454777 0.000455595 0.000445705 (count: 4.99499e+06)
0.011 0.00164054 0.000550158 0.000551181 0.000539197 (count: 4.99499e+06)
0.012 0.00195196 0.000654575 0.000655835 0.00064155 (count: 4.99499e+06)
0.013 0.00229032 0.000768015 0.000769548 0.000752754 (count: 4.99499e+06)
0.014 0.00265557 0.000890463 0.000892308 0.000872797 (count: 4.99499e+06)
0.015 0.00304767 0.0010219 0.00102411 0.00100166 (count: 4.99499e+06)
0.016 0.00346659 0.00116232 0.00116493 0.00113934 (count: 4.99498e+06)
0.017 0.00391227 0.0013117 0.00131476 0.00128581 (count: 4.99498e+06)
0.018 0.00438467 0.00147002 0.00147359 0.00144106 (count: 4.99498e+06)
0.019 0.00488374 0.00163725 0.00164141 0.00160508 (count: 4.99498e+06)
0.02 0.00540942 0.00181339 0.00181819 0.00177783 (count: 4.99498e+06)
0.021 0.00596165 0.00199841 0.00200393 0.00195931 (count: 4.99498e+06)
0.022 0.00654038 0.00219228 0.0021986 0.0021495 (count: 4.99498e+06)
0.023 0.00714555 0.00239499 0.00240219 0.00234837 (count: 4.99498e+06)
0.024 0.00777708 0.0026065 0.00261469 0.0025559 (count: 4.99498e+06)
0.025 0.00843492 0.00282679 0.00283606 0.00277207 (count: 199799)
0.05 0.0331798 0.0110926 0.0111869 0.0109004 (count: 199798)
0.075 0.0726772 0.0242029 0.0246158 0.0238585 (count: 199797)
0.1 0.124649 0.0412967 0.0424872 0.0408647 (count: 199796)
0.125 0.186416 0.061379 0.0640584 0.0609787 (count: 199795)
0.15 0.255206 0.0834423 0.0885671 0.0831966 (count: 199794)
0.175 0.328392 0.106561 0.1153 0.106531 (count: 199793)
0.2 0.403663 0.12995 0.143642 0.130071 (count: 199792)
0.225 0.479134 0.153 0.173101 0.153033 (count: 199791)
0.25 0.553391 0.175283 0.203323 0.174786 (count: 199790)
0.275 0.625487 0.196542 0.234077 0.194868 (count: 199789)
0.3 0.694902 0.21667 0.265241 0.212991 (count: 199788)
0.325 0.761476 0.235675 0.296774 0.229027 (count: 199787)
0.35 0.825337 0.253657 0.328686 0.242993 (count: 199786)
0.375 0.886819 0.270775 0.361017 0.255027 (count: 199785)
0.4 0.946396 0.287226 0.393815 0.265355 (count: 199784)
0.425 1.00461 0.303226 0.427119 0.274267 (count: 199783)
0.45 1.06203 0.318992 0.460951 0.282084 (count: 199782)
0.475 1.11916 0.334721 0.49531 0.289132 (count: 199781)
0.5 1.17647 0.350579 0.530174 0.295722 (count: 199780)
0.525 1.23432 0.366691 0.565497 0.302129 (count: 199779)
0.55 1.29294 0.383136 0.601221 0.308581 (count: 199778)
0.575 1.35248 0.399941 0.637281 0.315256 (count: 199777)
0.6 1.41297 0.41709 0.673603 0.322273 (count: 199776)
0.625 1.46655 0.429261 0.706874 0.330419 (count: 7991)
1.25 2.84722 0.782505 1.5487 0.51602 (count: 7990)
1.875 3.58377 0.966375 2.02497 0.59243 (count: 7989)
2.5 4.03764 1.10426 2.30325 0.630132 (count: 7988)
3.125 4.46214 1.235 2.56591 0.66123 (count: 7987)
3.75 4.8762 1.36136 2.82127 0.693576 (count: 7986)
4.375 5.28197 1.49834 3.05293 0.730705 (count: 7985)
5 5.63251 1.62872 3.24419 0.759602 (count: 7984)
5.625 5.96892 1.75051 3.43959 0.778832 (count: 7983)
6.25 6.28868 1.85161 3.64751 0.789566 (count: 7982)
6.875 6.65288 1.97234 3.85994 0.820605 (count: 7981)
7.5 6.96654 2.09281 4.03819 0.835539 (count: 7980)
8.125 7.22042 2.18395 4.18463 0.851838 (count: 7979)
8.75 7.46757 2.28157 4.32862 0.857388 (count: 7978)
9.375 7.76486 2.38915 4.50783 0.867878 (count: 7977)
10 8.09117 2.47645 4.7206 0.894129 (count: 7976)
10.625 8.42323 2.56887 4.94338 0.910978 (count: 7975)
11.25 8.70645 2.65511 5.12463 0.926718 (count: 7974)
11.875 8.93687 2.72594 5.26523 0.945698 (count: 7973)
12.5 9.18092 2.80118 5.41028 0.969467 (count: 7972)
13.125 9.46038 2.89159 5.58655 0.982244 (count: 7971)
13.75 9.76672 2.99733 5.78404 0.985352 (count: 7970)
14.375 10.0308 3.07292 5.9684 0.989469 (count: 7969)
15 10.2965 3.16972 6.12411 1.00272 (count: 7968)
15.625 10.8903 3.55376 6.33174 1.0048 (count: 318)
31.25 17.2617 5.13712 10.8997 1.22486 (count: 317)
46.875 23.3509 6.81446 14.9797 1.55672 (count: 316)
62.5 29.4368 8.3264 19.327 1.78338 (count: 315)
78.125 36.0203 9.80404 24.0893 2.12689 (count: 314)
93.75 42.0166 11.0196 28.6586 2.33837 (count: 313)
109.375 46.9169 12.0063 32.3656 2.54504 (count: 312)
125 51.4108 12.6222 35.9958 2.79285 (count: 311)
140.625 56.1394 13.1824 39.981 2.97598 (count: 310)
156.25 61.0741 13.6623 44.3861 3.02583 (count: 309)
171.875 66.4143 14.5658 48.5417 3.30677 (count: 308)
187.5 70.7094 14.7132 52.6211 3.37511 (count: 307)
203.125 75.3491 14.9261 56.9308 3.49216 (count: 306)
218.75 79.8512 15.2379 61.0007 3.61257 (count: 305)
234.375 83.2962 15.6474 63.8096 3.83919 (count: 304)
250 87.0185 15.7822 67.1862 4.0501 (count: 303)
265.625 89.0088 15.6698 69.2016 4.13741 (count: 302)
281.25 91.5192 15.9722 71.3279 4.2191 (count: 301)
296.875 94.3208 16.7441 73.0489 4.52787 (count: 300)
312.5 95.758 16.8732 74.3894 4.49547 (count: 299)
328.125 97.6351 16.8617 76.1028 4.67058 (count: 298)
343.75 98.6419 16.2015 77.8657 4.57471 (count: 297)
359.375 102.234 16.281 81.1457 4.8074 (count: 296)
375 104.75 15.7266 84.1431 4.8806 (count: 295)
390.625 96.7402 17.2812 76.4126 3.04644 (count: 11)
781.25 224.843 22.8782 197.399 4.56628 (count: 10)
1171.88 290.916 7.87693 280.415 2.62425 (count: 9)
1562.5 289.904 12.4446 274.684 2.77567 (count: 8)
1953.12 269.052 22.3861 243.678 2.98772 (count: 7)
2343.75 251.677 9.04671 240.41 2.22086 (count: 6)
2734.38 230.311 6.5591 220.712 3.03973 (count: 5)
3125 128.193 11.9266 113.581 2.68606 (count: 4)
3515.62 64.0037 15.5966 46.0393 2.36778 (count: 3)
3906.25 41.9935 1.34999 39.3066 1.33693 (count: 2)
4296.88 4.31534 0.240692 1.32653 2.74812 (count: 1)
