           4           3   1.05053867191884     
           5           3   1.36507732487657     
           6           4   1.36412115618475     
           7           5   1.45458463850064     
           8           6   1.45578093734469     
           9           1  0.987138728442605     
           9           7   1.40465896156494     
          10           2  0.989834130838955     
          10           8   1.40346842262128     
          11           9   1.31825612916159     
          12          10   1.31724515957031     
          13          11   1.03411985766259     
          14          12   1.03513161871786     
          15           5  0.963418481208056     
          16           6  0.963555255007685     
          17           7  0.962803366546577     
          18           8  0.962066038272739     
          19           3   1.37597714505660     
          19          11   1.43971057323937     
          20           4   1.37662889899702     
          20          12   1.43925873517775     
          21           1   1.77468979702776     
          22           2   1.77288367852109     
          23           1   1.11017685995663     
          24           2   1.10962952456790     
          25          14  0.982273914687415     
          26          14  0.964487293246009     
          27          14  0.954869919948774     
          28          13  0.957899122253990     
          29          13  0.961862554099408     
          30          13  0.982456937375379     
          31          24  0.870061390554988     
          32          23  0.870642629345552     
