Cell info:
========================================================================
number-of-unit-cells: 1 1 1
unit-cell-vector-a:    46.723700000000     0.000000000000     0.000000000000
unit-cell-vector-b:     0.000000000000    46.723700000000     0.000000000000
unit-cell-vector-c:     0.000000000000     0.000000000000    46.723700000000

cell-vector-a:    46.723700000000     0.000000000000     0.000000000000
cell-vector-b:     0.000000000000    46.723700000000     0.000000000000
cell-vector-c:     0.000000000000     0.000000000000    46.723700000000

cell-lengths:    46.723700000000    46.723700000000    46.723700000000
cell-angles:    90.000000000000    90.000000000000    90.000000000000


Maximum changes for MC-moves:
========================================================================
Maximum-volume-change: 0.000500
Maximum-Gibbs-volume-change: 0.000500
Maximum-box-shape-change: 0.100000 0.100000 0.100000, 0.100000 0.100000 0.100000, 0.100000 0.100000 0.100000


Acceptance targets for MC-moves:
========================================================================
Target-volume-change: 0.500000
Target-box-shape-change: 0.500000
Target-Gibbs-volume-change: 0.500000


Components: 1 (Adsorbates 239, Cations 0)
========================================================================
	Maximum-translation-change component 0: 0.681681,0.686215,0.681839
	Maximum-translation-in-plane-change component 0: 0.000000,0.000000,0.000000
	Maximum-rotation-change component 0: 0.017453 0.017453 0.017453

Reactions: 0

Component: 0     Adsorbate    239 molecules of methane
------------------------------------------------------------------------
Adsorbate-atom-position: 0 0     3.442162662679    40.571283869652    43.445014877226
Adsorbate-atom-position: 1 0    42.613755769339     7.475279628968    39.170162438945
Adsorbate-atom-position: 2 0    42.983785176478    27.175850256906    32.806442455919
Adsorbate-atom-position: 3 0     3.916408290773    16.528759710976    31.304462285810
Adsorbate-atom-position: 4 0    45.951962216570    43.197682033769    45.320100743671
Adsorbate-atom-position: 5 0     2.266405611336    19.836637636882    23.409367888370
Adsorbate-atom-position: 6 0    23.957275623723    23.756400002089     0.478509634302
Adsorbate-atom-position: 7 0     3.383705688022    46.796689350426     2.490425562220
Adsorbate-atom-position: 8 0    27.292538523672     9.504684031030    19.667633869996
Adsorbate-atom-position: 9 0    27.252681715803    26.648460961161    39.837246792805
Adsorbate-atom-position: 10 0    46.122603551546     1.748935458420     3.753132189054
Adsorbate-atom-position: 11 0    27.080125727701    38.427860055539    16.755918111121
Adsorbate-atom-position: 12 0    42.649219765421     3.924631361460    37.766966779829
Adsorbate-atom-position: 13 0    42.941361929172    43.434038892204     6.576094159011
Adsorbate-atom-position: 14 0    20.106891044415    27.112578843964    11.135925371443
Adsorbate-atom-position: 15 0     6.912063114051    42.767158908263    38.790958080159
Adsorbate-atom-position: 16 0    17.474097016379    42.808429925281    19.901965732401
Adsorbate-atom-position: 17 0    15.578357515499    27.730440208595    39.651222567257
Adsorbate-atom-position: 18 0    27.962880019124     3.621934768062    32.047701083594
Adsorbate-atom-position: 19 0    43.060804222888     3.379978507906    10.834496965631
Adsorbate-atom-position: 20 0    44.196471093591    23.127633523749    26.192887350176
Adsorbate-atom-position: 21 0    21.570611406242    23.112603427440    42.940068277628
Adsorbate-atom-position: 22 0    19.359971563152    39.760832229507    30.392055399042
Adsorbate-atom-position: 23 0    16.897764035807    27.073276889278     3.152421929604
Adsorbate-atom-position: 24 0    24.641311103234    45.231643511462    19.445243872544
Adsorbate-atom-position: 25 0    25.249452299172    24.829104001758    43.455488007656
Adsorbate-atom-position: 26 0    30.646694221961    40.512069311019    20.015568183202
Adsorbate-atom-position: 27 0    20.417648408684     5.407007545291    20.549081465324
Adsorbate-atom-position: 28 0    15.064187779431    43.102383484406    27.214442414668
Adsorbate-atom-position: 29 0    19.482372957853    33.816031610109    42.893066278584
Adsorbate-atom-position: 30 0    33.637087380529    43.218186822855    29.233913805905
Adsorbate-atom-position: 31 0    13.766869398023    42.876687044026    19.431903754699
Adsorbate-atom-position: 32 0    36.921433957096    42.797671704085    43.056001965056
Adsorbate-atom-position: 33 0    43.207195946240    23.636951630786    21.611454789138
Adsorbate-atom-position: 34 0    20.918772753556     1.059875835623    26.561308890950
Adsorbate-atom-position: 35 0    16.348807231366    19.629415864853    41.311323690085
Adsorbate-atom-position: 36 0    37.013524138269    46.629324166094    14.966915180712
Adsorbate-atom-position: 37 0    30.422413783232    19.717903470175     7.229293415124
Adsorbate-atom-position: 38 0    43.259891006287    19.630178332541    15.969623418890
Adsorbate-atom-position: 39 0    42.851173977982    39.030916562785    42.999300273602
Adsorbate-atom-position: 40 0     9.884873463595    19.969888682562    27.070862582476
Adsorbate-atom-position: 41 0    18.913397175741    14.553557852209     4.488324967038
Adsorbate-atom-position: 42 0    43.763447245179     5.205313154915     2.680442861411
Adsorbate-atom-position: 43 0     3.449482023176     6.302465578845     7.442544765025
Adsorbate-atom-position: 44 0    29.123278804239    26.514718780242    43.312638939597
Adsorbate-atom-position: 45 0    36.235787733335    41.890148680713     3.893628041170
Adsorbate-atom-position: 46 0    25.606051665002    18.762375955846     2.397274563900
Adsorbate-atom-position: 47 0    16.780178901145    38.308788667387    19.620962803103
Adsorbate-atom-position: 48 0    39.122486743135    19.284606724201    30.842204554008
Adsorbate-atom-position: 49 0    43.252144951567    10.196764846500     3.862980477671
Adsorbate-atom-position: 50 0     3.324893633116    43.823677819413    -0.063353145757
Adsorbate-atom-position: 51 0    43.032276105094     1.199307062595    44.585197279733
Adsorbate-atom-position: 52 0    19.786660069892     5.080733660947    30.374866144461
Adsorbate-atom-position: 53 0     3.012626458271     3.255571027254     5.214023760374
Adsorbate-atom-position: 54 0    26.408020203074    22.517323275287     3.544375175969
Adsorbate-atom-position: 55 0    42.277731360288     1.745460774898    48.757035191387
Adsorbate-atom-position: 56 0    19.430444332808    16.753610795512    38.560972295347
Adsorbate-atom-position: 57 0     3.770736905832     6.837334267674     3.695481699825
Adsorbate-atom-position: 58 0    27.400763335866    -1.399515886735    25.521457294746
Adsorbate-atom-position: 59 0    29.809520571773    19.672258322109    39.306618026319
Adsorbate-atom-position: 60 0     3.271159013911    29.720326393792    26.856179837649
Adsorbate-atom-position: 61 0     7.367413777743    15.461029425588    28.165048632463
Adsorbate-atom-position: 62 0    27.089258189166    31.524867375849     4.022608927914
Adsorbate-atom-position: 63 0    16.517888878924     3.477503453459    27.055404759045
Adsorbate-atom-position: 64 0    26.524691990112    40.599029585009    20.141921822761
Adsorbate-atom-position: 65 0    16.250790615691    43.064833221388    16.165574131369
Adsorbate-atom-position: 66 0    40.110306546401    26.816047692493    19.863050856196
Adsorbate-atom-position: 67 0    26.562557487533     5.198168295183    28.598860662342
Adsorbate-atom-position: 68 0    43.090087155122    30.435125276461    19.637695424104
Adsorbate-atom-position: 69 0     3.063849129706    44.011511490047    42.273282510823
Adsorbate-atom-position: 70 0     6.288788570203    30.630877030972    19.342248080889
Adsorbate-atom-position: 71 0    26.498832209164    35.256841795593     7.212629113489
Adsorbate-atom-position: 72 0    16.139312430502    31.906905813649    42.034779235887
Adsorbate-atom-position: 73 0    38.522992661568     3.555489933727     3.697308427962
Adsorbate-atom-position: 74 0    42.969078562030    16.435978246073    20.037465719108
Adsorbate-atom-position: 75 0     2.299209195582     4.592213123386    44.384768615654
Adsorbate-atom-position: 76 0    21.762572094621     8.601595808202    37.613263587926
Adsorbate-atom-position: 77 0    23.439436207964    44.930762087137    27.226785589235
Adsorbate-atom-position: 78 0    39.557532916562    19.616758176363    16.867628288612
Adsorbate-atom-position: 79 0     3.554679891438    19.991340328708    13.261330324127
Adsorbate-atom-position: 80 0    26.330949488804    29.258589421624    43.304236173601
Adsorbate-atom-position: 81 0     4.246424513700    16.566972009295    15.252786171157
Adsorbate-atom-position: 82 0    20.266992944517    19.807853389129    41.089101682728
Adsorbate-atom-position: 83 0    27.017765327530    14.988233537303     5.209943560004
Adsorbate-atom-position: 84 0    43.245331373722    30.452094898393    27.530463017312
Adsorbate-atom-position: 85 0     0.325183738905     0.550377717177    43.076224440488
Adsorbate-atom-position: 86 0    27.210731119405    16.558426900442    43.117730363075
Adsorbate-atom-position: 87 0    26.859516251672    19.689457672243     6.700111765797
Adsorbate-atom-position: 88 0    26.566382883845    36.714037418664    26.743436601054
Adsorbate-atom-position: 89 0    20.314604203961    43.611996662556    29.092643157863
Adsorbate-atom-position: 90 0    25.219977148328    27.051037950092    -0.111586998948
Adsorbate-atom-position: 91 0    -0.216245544294    44.649619762886     3.012760789734
Adsorbate-atom-position: 92 0    26.284565132957    20.643295921278    41.693012564312
Adsorbate-atom-position: 93 0    19.796217091874    27.669014044930     6.440240640852
Adsorbate-atom-position: 94 0    28.672329595258    43.823118843833    20.522184597723
Adsorbate-atom-position: 95 0    19.614328390497    43.116270351606    25.338518777309
Adsorbate-atom-position: 96 0    29.436001794014    19.719935217135     3.357741543562
Adsorbate-atom-position: 97 0    29.216618215306    31.760594597847    43.126580096300
Adsorbate-atom-position: 98 0    27.970881003459    25.836025745016     2.840137781308
Adsorbate-atom-position: 99 0    33.102178647141    27.002112872290    43.046619561617
Adsorbate-atom-position: 100 0    40.541878419231    42.963062558852    40.507200354995
Adsorbate-atom-position: 101 0    35.606857077592    26.499325303604    19.791554737586
Adsorbate-atom-position: 102 0     0.192441092305    23.477165267559    22.901897420530
Adsorbate-atom-position: 103 0     3.547877783712    16.855561656670    27.383592282122
Adsorbate-atom-position: 104 0     3.426775900546     3.232728336483    40.785654949174
Adsorbate-atom-position: 105 0    45.223219565562    26.458639002555    19.837809848041
Adsorbate-atom-position: 106 0    15.470001398234    27.127261206368     6.799470351648
Adsorbate-atom-position: 107 0     1.772536068710     3.909821433738    48.395191684966
Adsorbate-atom-position: 108 0     6.695577073140    19.411408370874    19.599951824933
Adsorbate-atom-position: 109 0    40.204850856857     7.491394549137     3.600258402831
Adsorbate-atom-position: 110 0    43.013819438383     7.007760049566     7.508606421694
Adsorbate-atom-position: 111 0    29.847918618114    19.882068749857    43.209201686894
Adsorbate-atom-position: 112 0    30.009255471410     3.602899755819    27.411181037604
Adsorbate-atom-position: 113 0     5.349854002357    20.518829540792    26.261960528638
Adsorbate-atom-position: 114 0    39.783577897430    43.093162995025     3.804024693138
Adsorbate-atom-position: 115 0    19.663932740577     1.845845648730    22.515152359555
Adsorbate-atom-position: 116 0    19.748039459437    26.790402444312    40.320888305526
Adsorbate-atom-position: 117 0    31.013427673111    27.097517279900    39.866229765877
Adsorbate-atom-position: 118 0    30.461926390763    43.077060583732    27.273111611815
Adsorbate-atom-position: 119 0     7.165109081752    29.939722148322    26.977319637801
Adsorbate-atom-position: 120 0    16.912522738057     7.511390084387    26.849008414472
Adsorbate-atom-position: 121 0     3.888413580515    47.868808798682    45.126300527683
Adsorbate-atom-position: 122 0    20.430734652299    18.388490582072     3.615086340120
Adsorbate-atom-position: 123 0    27.138528791808     0.520120850850    21.145045136688
Adsorbate-atom-position: 124 0    19.707390247636    10.016032339007    19.897691542880
Adsorbate-atom-position: 125 0    30.349614032177    39.283294969299    27.184861702700
Adsorbate-atom-position: 126 0    30.300347701014     3.533872233758    19.788637372522
Adsorbate-atom-position: 127 0     3.730996195429    39.823950387324     3.713039200591
Adsorbate-atom-position: 128 0    26.794142793850    27.021718162500     6.107097558392
Adsorbate-atom-position: 129 0     3.944143229992    42.966513532103    10.284811748596
Adsorbate-atom-position: 130 0    19.757398890565    16.445531179699    43.132527638869
Adsorbate-atom-position: 131 0    43.463882802948    41.260436977834     2.889803360308
Adsorbate-atom-position: 132 0    19.917429245671    43.199669207589    33.029245079792
Adsorbate-atom-position: 133 0     3.627933645947    27.015765406476    30.589356787603
Adsorbate-atom-position: 134 0     7.386418553233    26.906347827857    30.271369930244
Adsorbate-atom-position: 135 0    27.044536798074    28.527488096931    36.579067848655
Adsorbate-atom-position: 136 0     3.976934254643    13.770752753987    18.430081510866
Adsorbate-atom-position: 137 0    35.010354709369    40.736339465186    19.250513825609
Adsorbate-atom-position: 138 0    19.284831231252    30.804089091631    39.517743514817
Adsorbate-atom-position: 139 0    27.095585640305    30.925943616090    39.883733291696
Adsorbate-atom-position: 140 0    41.009017562211    20.065939949343    20.203860767401
Adsorbate-atom-position: 141 0    19.464082868729    23.645968236402     0.108089390517
Adsorbate-atom-position: 142 0    43.236932701489    26.466123210245    29.000804421526
Adsorbate-atom-position: 143 0    20.484378411296     5.125159939037    26.570190063968
Adsorbate-atom-position: 144 0     5.411914944673    26.462859045466    26.343088349764
Adsorbate-atom-position: 145 0     3.031927144289    20.442343363028    17.721442906510
Adsorbate-atom-position: 146 0    45.802478985468    21.844378604165    19.316458166942
Adsorbate-atom-position: 147 0     3.253659362552    28.499493786989    20.229928750941
Adsorbate-atom-position: 148 0    42.471388128721    27.018183006460    16.469479730934
Adsorbate-atom-position: 149 0    43.214782880138    27.077004091995    24.853329700974
Adsorbate-atom-position: 150 0    23.966792440075    47.132513637895    23.429850812922
Adsorbate-atom-position: 151 0     6.692153943846     3.564082633599     3.389999246760
Adsorbate-atom-position: 152 0    26.889557772829    41.497040274145    26.301755179582
Adsorbate-atom-position: 153 0    31.077900073001    16.238615431665     4.416461233079
Adsorbate-atom-position: 154 0     7.806528231860    27.086566199843    19.637664956343
Adsorbate-atom-position: 155 0    18.445569201460    19.780990739555     6.534224479132
Adsorbate-atom-position: 156 0    16.617046886045    39.497512209773    27.070143689428
Adsorbate-atom-position: 157 0    19.374374111886    30.779860864445     3.747239045508
Adsorbate-atom-position: 158 0    39.671221313226    26.963685642908    26.939743920934
Adsorbate-atom-position: 159 0    21.732799482185    22.392570764524     3.831139564582
Adsorbate-atom-position: 160 0     5.712759915751    26.934566518498    16.629386171445
Adsorbate-atom-position: 161 0    38.467434123732    30.011455174225    18.910477809353
Adsorbate-atom-position: 162 0    19.787669925243    37.006621666645    26.789048526183
Adsorbate-atom-position: 163 0    26.845121282574    17.064247332192    39.212758504663
Adsorbate-atom-position: 164 0     6.689874205923    19.625171141179    29.941300916915
Adsorbate-atom-position: 165 0    27.033005673746    39.238466548642    29.527507592016
Adsorbate-atom-position: 166 0    21.017915513215    26.835090409386    45.542413965269
Adsorbate-atom-position: 167 0    20.997353335962    44.858187513019    21.262662564571
Adsorbate-atom-position: 168 0    26.782231740612    43.402892588316    29.472783120758
Adsorbate-atom-position: 169 0    -0.651912965753     0.705496930697    -0.150305975048
Adsorbate-atom-position: 170 0    44.692120048575    20.051842310831    23.666810279350
Adsorbate-atom-position: 171 0     1.234208356059    20.631296618767    26.997482349160
Adsorbate-atom-position: 172 0    19.737426416622    39.305303782945    16.295879978852
Adsorbate-atom-position: 173 0    26.923761212656    21.446200388979    45.478310327769
Adsorbate-atom-position: 174 0    19.333349481442     3.894989622662    17.368281909162
Adsorbate-atom-position: 175 0    42.610589850279     6.847074539668    43.319606399604
Adsorbate-atom-position: 176 0    33.627626501569    22.208724161334    31.195460472669
Adsorbate-atom-position: 177 0    15.929491440636    42.736674828987    31.030322507665
Adsorbate-atom-position: 178 0    27.259428110801     9.303085061993    27.034419125813
Adsorbate-atom-position: 179 0    39.926767383307     3.583828920615    43.249662102123
Adsorbate-atom-position: 180 0    43.956085218133     3.350255976479    41.174121969776
Adsorbate-atom-position: 181 0    16.485941001033     7.126965082311    19.492000713381
Adsorbate-atom-position: 182 0    19.953057466103     7.699592937094    16.791306123141
Adsorbate-atom-position: 183 0    21.772590075404    26.705256214845     3.142897539342
Adsorbate-atom-position: 184 0    41.353889349646    20.239272086855    26.378384349303
Adsorbate-atom-position: 185 0    42.731791415537    15.516481547291    16.494832103146
Adsorbate-atom-position: 186 0    14.819356015699     3.598072496776    18.336562486461
Adsorbate-atom-position: 187 0     8.254990357393    42.665932293259    42.552562089922
Adsorbate-atom-position: 188 0    43.829132961585    44.660933760790    42.184450367926
Adsorbate-atom-position: 189 0    45.020987041839     4.349271814698    44.740831373734
Adsorbate-atom-position: 190 0    25.978605218744     4.868743755333    20.284615209229
Adsorbate-atom-position: 191 0    39.137173246627    16.550398482734    19.568431972836
Adsorbate-atom-position: 192 0     3.933439076164    33.640645135514    27.292706314159
Adsorbate-atom-position: 193 0     0.926751295375    24.586416848820    27.399965614669
Adsorbate-atom-position: 194 0    26.776117883513     3.462180735224    24.850383761682
Adsorbate-atom-position: 195 0    25.323433735227    43.523614586400    23.005697161946
Adsorbate-atom-position: 196 0    22.414066206945     2.058358980363    19.617391328743
Adsorbate-atom-position: 197 0     6.494919690253     4.439496274605    43.415367301383
Adsorbate-atom-position: 198 0     3.874975345161     7.669230290676    42.278033365222
Adsorbate-atom-position: 199 0    27.344931628251    43.082407961309    16.715694712514
Adsorbate-atom-position: 200 0    16.579180443979    27.056760678300    43.112715412753
Adsorbate-atom-position: 201 0    20.130498704523    43.303689349723    17.428088699885
Adsorbate-atom-position: 202 0    39.906187129599     3.810252748481     8.163961229364
Adsorbate-atom-position: 203 0    43.411328320790     3.216784615434     6.480190866579
Adsorbate-atom-position: 204 0     7.747559373385     3.876396172448    39.709528617081
Adsorbate-atom-position: 205 0     3.236809367604    16.988271361749    20.094167652459
Adsorbate-atom-position: 206 0    16.116492064133    19.675013715599     3.294822956907
Adsorbate-atom-position: 207 0    38.967190143883    17.128762257923    26.897997076348
Adsorbate-atom-position: 208 0    19.749777878846    29.983387907129    43.305411926059
Adsorbate-atom-position: 209 0    33.512155948147    19.415726847131     3.752036719160
Adsorbate-atom-position: 210 0    22.879030318561    19.844340550707    46.279755822833
Adsorbate-atom-position: 211 0    43.224503124648    16.396958243699    27.088114757758
Adsorbate-atom-position: 212 0    26.721136016476     3.631375471428    16.481192512952
Adsorbate-atom-position: 213 0     3.732363803280    34.029539020064    20.072173524069
Adsorbate-atom-position: 214 0    19.047000875386    20.344278641697    44.585768203348
Adsorbate-atom-position: 215 0     6.686837570991    42.728528610354     3.698878724050
Adsorbate-atom-position: 216 0     1.178787478200    27.305410149374    24.374051062618
Adsorbate-atom-position: 217 0     3.781098861933    43.104885936303     6.161688723816
Adsorbate-atom-position: 218 0    42.871687242471    -2.049934397388     0.514728522951
Adsorbate-atom-position: 219 0    34.541620089587    19.651241810411    41.901089783025
Adsorbate-atom-position: 220 0    30.858773086345    30.109362371083     3.930339295562
Adsorbate-atom-position: 221 0     3.255290496568    35.479280797263    43.270380054544
Adsorbate-atom-position: 222 0    31.652233081560    42.357912976434    16.831786726438
Adsorbate-atom-position: 223 0     5.432139319782    31.130089800861    30.285028828140
Adsorbate-atom-position: 224 0    39.415650706415    20.602866241554    11.052711593330
Adsorbate-atom-position: 225 0    27.344235410147    29.776604151824     9.561136673412
Adsorbate-atom-position: 226 0    42.929422039819    42.993679326813    10.921480894068
Adsorbate-atom-position: 227 0    31.607515555717    16.810437894987    42.855385706886
Adsorbate-atom-position: 228 0    44.275171002254     7.865964486062    13.071032119400
Adsorbate-atom-position: 229 0    11.869863479763    26.315077168252    29.797474871317
Adsorbate-atom-position: 230 0    42.299247326145    13.864412423383    29.657150968537
Adsorbate-atom-position: 231 0    19.302891529626    43.517321414759    13.332179069476
Adsorbate-atom-position: 232 0    42.897161635703    37.855507642650     3.577185790893
Adsorbate-atom-position: 233 0    12.276956438035    19.507166266659    18.665271060012
Adsorbate-atom-position: 234 0    19.745097503429    11.917271592975    16.339155465366
Adsorbate-atom-position: 235 0     4.031678730563     6.358691251457    38.063248136748
Adsorbate-atom-position: 236 0    15.624005325973    30.454582091787     4.654514594035
Adsorbate-atom-position: 237 0     3.851600520006    36.000408245017    39.382288622784
Adsorbate-atom-position: 238 0     3.089073947403    43.588750335813    35.317492104684
Adsorbate-atom-velocity: 0 0    -1.990388449156    -1.558000272446    -1.035531282339
Adsorbate-atom-velocity: 1 0    -0.005724055075     0.856043896347    -0.132836287216
Adsorbate-atom-velocity: 2 0    -0.093390410624     4.694327226835    -0.061968174864
Adsorbate-atom-velocity: 3 0    -3.081314785440    -1.132916656031     1.266392523911
Adsorbate-atom-velocity: 4 0    -2.469687757729     0.274740978173    -1.219604799252
Adsorbate-atom-velocity: 5 0     4.580312379812     1.171565669841    -1.788946249772
Adsorbate-atom-velocity: 6 0    -1.092881918240     3.824423792224    -4.164084694926
Adsorbate-atom-velocity: 7 0     5.741585140890     5.109541212933    -1.638343770683
Adsorbate-atom-velocity: 8 0    -1.058085988911    -1.715430249934    -1.494159176560
Adsorbate-atom-velocity: 9 0    -0.896233244895    -4.596323110918     2.521596042456
Adsorbate-atom-velocity: 10 0    -0.933839244205     2.324572770388    -1.851957061107
Adsorbate-atom-velocity: 11 0     3.274359944418    -0.818381544131     1.970135382985
Adsorbate-atom-velocity: 12 0    -3.383406161253     0.883607787111     2.262458430881
Adsorbate-atom-velocity: 13 0     0.259043573255    -1.790087145845    -2.394501969710
Adsorbate-atom-velocity: 14 0    -5.046275789350     1.785310768155     1.784712404024
Adsorbate-atom-velocity: 15 0    -0.211068938228     3.448470659137     1.753821137397
Adsorbate-atom-velocity: 16 0    -0.052785451167     1.578456459552    -3.614576542037
Adsorbate-atom-velocity: 17 0     1.279256866479    -2.715864333818    -1.367509536315
Adsorbate-atom-velocity: 18 0    -2.399135999848    -4.019974697581    -1.744831078292
Adsorbate-atom-velocity: 19 0    -1.123443514883     3.420675206344     0.613927007144
Adsorbate-atom-velocity: 20 0    -0.344419657246    -1.314284327389     0.731045678569
Adsorbate-atom-velocity: 21 0    -0.118271586013     2.076250356727     3.829925380310
Adsorbate-atom-velocity: 22 0     4.922521129032    -2.213783255669    -2.164806924078
Adsorbate-atom-velocity: 23 0     0.036705418699     0.958025592935     0.831430220003
Adsorbate-atom-velocity: 24 0     0.101908497907     0.145018089477     3.715539897568
Adsorbate-atom-velocity: 25 0     0.286655980828    -2.159807638254    -0.454967084979
Adsorbate-atom-velocity: 26 0    -2.532174854302    -0.158917478635     1.057602122125
Adsorbate-atom-velocity: 27 0    -1.293581999909    -0.661929008569     2.592053113218
Adsorbate-atom-velocity: 28 0    -0.902414400661    -7.355031365524    -0.244322485267
Adsorbate-atom-velocity: 29 0     0.653299584252     1.684684685117    -0.806481946565
Adsorbate-atom-velocity: 30 0    -1.332125035403     2.311342208960     1.240169786992
Adsorbate-atom-velocity: 31 0    -0.964059714558     1.866376832702    -0.306780589464
Adsorbate-atom-velocity: 32 0    -0.631012609028     1.737067942101    -2.350840716178
Adsorbate-atom-velocity: 33 0     5.175074274585     0.094448302017    -5.035777615036
Adsorbate-atom-velocity: 34 0     4.267995157455    -2.932623785697     3.685546643517
Adsorbate-atom-velocity: 35 0    -0.843299598140    -0.881089001779     3.934340282425
Adsorbate-atom-velocity: 36 0     1.908359699543     1.478921762263     2.933313634772
Adsorbate-atom-velocity: 37 0    -0.542009592988    -0.245809872155    -0.276299871231
Adsorbate-atom-velocity: 38 0     0.552992280838    -3.542549383560    -0.790618023958
Adsorbate-atom-velocity: 39 0     0.966725348378    -0.693840917447     3.891376044795
Adsorbate-atom-velocity: 40 0     3.167918855296    -1.052682520443     1.863887282648
Adsorbate-atom-velocity: 41 0     2.816263503541     0.086553549134    -2.344567394634
Adsorbate-atom-velocity: 42 0    -0.969531123857    -2.757911142085     0.798031321750
Adsorbate-atom-velocity: 43 0    -2.699146395223     4.322772521453    -1.292070541727
Adsorbate-atom-velocity: 44 0    -6.640020634455    -2.848603239460    -1.101742522718
Adsorbate-atom-velocity: 45 0    -2.243750797584    -1.166525993417     2.758604712300
Adsorbate-atom-velocity: 46 0    -2.107406442662     0.920240308458    -1.041868310501
Adsorbate-atom-velocity: 47 0     1.242678173575    -2.574287646075     0.226150952298
Adsorbate-atom-velocity: 48 0     1.451534109680     1.255942205794    -2.170648692948
Adsorbate-atom-velocity: 49 0    -0.985315011128     5.138586645689     3.423790711814
Adsorbate-atom-velocity: 50 0    -1.917328089431    -3.194533796889    -1.255310473819
Adsorbate-atom-velocity: 51 0     0.108416687809    -1.704202496242    -0.702962222503
Adsorbate-atom-velocity: 52 0    -1.380758298704    -1.646498562981    -0.165261520765
Adsorbate-atom-velocity: 53 0    -2.028004131409    -4.271539221984     0.848868531702
Adsorbate-atom-velocity: 54 0    -2.245671373912     4.887012030576    -2.894197437438
Adsorbate-atom-velocity: 55 0     3.571164026936     0.520741550091     0.596709374654
Adsorbate-atom-velocity: 56 0    -1.198209932819    -0.835549719033    -0.343000507761
Adsorbate-atom-velocity: 57 0    -5.437064160105    -2.152943020733     0.606445209874
Adsorbate-atom-velocity: 58 0     0.138650649312     2.312551943660     3.277823032085
Adsorbate-atom-velocity: 59 0     2.790705591934    -0.300392993659     1.136138068000
Adsorbate-atom-velocity: 60 0     1.890996373582    -0.156354286529    -2.021673439672
Adsorbate-atom-velocity: 61 0     1.652659892925     2.890459457434    -1.393212493535
Adsorbate-atom-velocity: 62 0    -2.078136094579     1.933812512134     3.298241540174
Adsorbate-atom-velocity: 63 0     2.277791323143     0.975391754469     0.967625665948
Adsorbate-atom-velocity: 64 0     1.739927304140     0.435765112877    -2.020192120995
Adsorbate-atom-velocity: 65 0    -2.216343870617     3.296754649980     1.535563260418
Adsorbate-atom-velocity: 66 0    -0.124608313833     1.928902272899     4.779537895671
Adsorbate-atom-velocity: 67 0     2.238495778492    -2.153554592552     1.138004258951
Adsorbate-atom-velocity: 68 0     0.378522411682    -0.912705665732    -4.501837122347
Adsorbate-atom-velocity: 69 0    -1.762598099415    -1.015505267372    -0.111431251512
Adsorbate-atom-velocity: 70 0    -2.088425889023    -1.607040413267     0.374240576675
Adsorbate-atom-velocity: 71 0     5.560398610315     2.957017999726     0.639455837180
Adsorbate-atom-velocity: 72 0    -0.197403574069    -4.745788721531    -2.311330044444
Adsorbate-atom-velocity: 73 0    -0.709955063212     4.856883705232    -2.420066921263
Adsorbate-atom-velocity: 74 0     1.892063198773    -0.833591563589     0.913394371359
Adsorbate-atom-velocity: 75 0     0.055236994274    -2.079399644697     1.518953999239
Adsorbate-atom-velocity: 76 0     0.837726943761    -2.994723468220     0.616148302010
Adsorbate-atom-velocity: 77 0    -1.262301316260     1.388960665384    -5.288911665896
Adsorbate-atom-velocity: 78 0     0.103442629812    -1.561211593608     2.299357144640
Adsorbate-atom-velocity: 79 0     0.729067373282     0.328351124831    -2.243391381165
Adsorbate-atom-velocity: 80 0    -3.703503908539     2.325553589955     0.861200157111
Adsorbate-atom-velocity: 81 0     1.423434520656     0.386118245623    -0.792900747203
Adsorbate-atom-velocity: 82 0     2.974977473278     0.919492484040     1.438589285481
Adsorbate-atom-velocity: 83 0     0.735024797293    -1.293667180419     1.303039123706
Adsorbate-atom-velocity: 84 0    -0.699139641102     1.151541092811     0.783770666736
Adsorbate-atom-velocity: 85 0     3.188292843037     0.198524553801     2.382693402913
Adsorbate-atom-velocity: 86 0    -2.270424818929    -0.659496310476    -1.995614604805
Adsorbate-atom-velocity: 87 0    -3.526164615033    -0.036997269547    -0.772471457174
Adsorbate-atom-velocity: 88 0     1.737304606248     0.868399732693    -1.379376772156
Adsorbate-atom-velocity: 89 0    -2.680209732085    -5.112537065259     0.647383752859
Adsorbate-atom-velocity: 90 0     1.734732826838    -1.524504598033     2.460733767596
Adsorbate-atom-velocity: 91 0     4.544315405282    -0.982793414932     2.571835368245
Adsorbate-atom-velocity: 92 0     2.051325825842    -0.523706695333    -1.781039398556
Adsorbate-atom-velocity: 93 0     1.419112888867     1.669343402883    -1.788011521881
Adsorbate-atom-velocity: 94 0    -3.569509474549     1.006758670382     1.684545360120
Adsorbate-atom-velocity: 95 0    -2.035872669771    -3.435688867549     0.748691570500
Adsorbate-atom-velocity: 96 0     1.840330289228     0.265088136571    -4.294277124185
Adsorbate-atom-velocity: 97 0     0.715870990329    -2.218006103171    -1.625596117410
Adsorbate-atom-velocity: 98 0     1.366658624801     0.485919749295     1.360421939115
Adsorbate-atom-velocity: 99 0    -2.449853919539    -1.945500065088     1.816564048184
Adsorbate-atom-velocity: 100 0     2.242398369442     3.586643712244     1.722631681984
Adsorbate-atom-velocity: 101 0    -5.076418456016    -0.072593917943    -1.292210341743
Adsorbate-atom-velocity: 102 0     2.515208956366     1.378059419156     0.763699240701
Adsorbate-atom-velocity: 103 0     1.086270436020     2.724217654293    -3.454910614285
Adsorbate-atom-velocity: 104 0    -0.579124988931    -1.039893531184    -2.171948780890
Adsorbate-atom-velocity: 105 0    -2.107404433238    -3.882967939913     1.833715233878
Adsorbate-atom-velocity: 106 0     1.999460952553     0.350518205790     2.637187680734
Adsorbate-atom-velocity: 107 0     0.139719679289    -0.797527769417    -0.158021927857
Adsorbate-atom-velocity: 108 0     1.583383462704     0.596205897002    -3.624029763609
Adsorbate-atom-velocity: 109 0    -4.792406769131     0.752282566431     0.667741552196
Adsorbate-atom-velocity: 110 0     1.875136642933    -0.003088480243     2.473026047066
Adsorbate-atom-velocity: 111 0    -1.725075006759     0.375730608807     0.038579557098
Adsorbate-atom-velocity: 112 0     1.685170067971    -2.612685376684     0.858668062886
Adsorbate-atom-velocity: 113 0    -1.040116768769     2.432471838581     0.272740153034
Adsorbate-atom-velocity: 114 0     1.437750253628    -0.759166053401     0.841109438826
Adsorbate-atom-velocity: 115 0     5.112656480219    -0.550702086892     0.162535948604
Adsorbate-atom-velocity: 116 0     0.008595704879    -0.969489418569     0.956626785925
Adsorbate-atom-velocity: 117 0     0.347250392131    -1.303047093146    -0.588115382904
Adsorbate-atom-velocity: 118 0    -0.484606790390     0.626109045435     1.931505923533
Adsorbate-atom-velocity: 119 0     4.628338655326    -0.254072521017     1.300542282213
Adsorbate-atom-velocity: 120 0     0.979007772424    -6.031172648286     1.284722731583
Adsorbate-atom-velocity: 121 0    -0.001542013967     0.420131893250     3.128638813823
Adsorbate-atom-velocity: 122 0    -3.511888898482    -1.203773298696    -3.084683459332
Adsorbate-atom-velocity: 123 0     2.132370946167    -3.580994766354    -1.552220734564
Adsorbate-atom-velocity: 124 0     1.250524198800    -0.441210960180    -5.181503109294
Adsorbate-atom-velocity: 125 0    -2.688129375223    -2.566846163475    -1.394743873018
Adsorbate-atom-velocity: 126 0     5.629769088394     0.758112493328     0.461641870626
Adsorbate-atom-velocity: 127 0     2.247762183970    -0.774626031158     2.455575359041
Adsorbate-atom-velocity: 128 0    -0.175943085984    -2.259624439540    -1.186310613174
Adsorbate-atom-velocity: 129 0    -1.004881380593    -3.105739341597    -0.857345144965
Adsorbate-atom-velocity: 130 0     1.957635427523    -1.139342785013    -1.322309280415
Adsorbate-atom-velocity: 131 0    -4.322299050597    -3.357253940724    -1.933094660222
Adsorbate-atom-velocity: 132 0     0.711049117385    -2.707471093853    -3.576998705167
Adsorbate-atom-velocity: 133 0     3.537887697583    -4.020607732162     1.808608306524
Adsorbate-atom-velocity: 134 0     0.767114074630     5.579616805892     1.874659323946
Adsorbate-atom-velocity: 135 0    -4.196431421407     1.497542628253     1.128755524864
Adsorbate-atom-velocity: 136 0     0.380188689718    -0.829251032531    -1.190945878549
Adsorbate-atom-velocity: 137 0     0.364265586868     7.021048975828    -1.606021187484
Adsorbate-atom-velocity: 138 0    -3.583789575202     3.293256789037    -0.121043197007
Adsorbate-atom-velocity: 139 0    -3.422924624322    -3.058816121394     1.061931170304
Adsorbate-atom-velocity: 140 0     2.929649909061    -1.311782035251     0.063640638974
Adsorbate-atom-velocity: 141 0    -1.162796601209    -2.177596843380    -2.537046050922
Adsorbate-atom-velocity: 142 0     1.122575651848     2.672757222156    -4.404267620779
Adsorbate-atom-velocity: 143 0     0.156329519014     0.095169252719    -1.961693190201
Adsorbate-atom-velocity: 144 0     0.458560174391    -1.221804778211     0.653787748667
Adsorbate-atom-velocity: 145 0     2.612573659046     0.478992255786    -1.259735726846
Adsorbate-atom-velocity: 146 0    -2.449964475356     1.739217747702     2.751934128947
Adsorbate-atom-velocity: 147 0     2.740518948773    -1.771605219237     1.796162987184
Adsorbate-atom-velocity: 148 0    -3.018741636944    -0.632345816430     0.538614121082
Adsorbate-atom-velocity: 149 0    -0.929606708038    -2.981348664080     3.492301741026
Adsorbate-atom-velocity: 150 0     0.207779431700     5.357395974483    -0.422213578040
Adsorbate-atom-velocity: 151 0    -3.358238513802    -0.366349360323     5.426084152170
Adsorbate-atom-velocity: 152 0    -4.306746906067    -0.981367492628    -1.237190595065
Adsorbate-atom-velocity: 153 0     1.220159107160     0.020570252512    -0.353292957634
Adsorbate-atom-velocity: 154 0    -3.082399050342    -1.571467100223     1.735138886649
Adsorbate-atom-velocity: 155 0     1.658219639478     1.018994487840    -2.964630568695
Adsorbate-atom-velocity: 156 0    -2.284927015104     0.150339142516    -0.473067871536
Adsorbate-atom-velocity: 157 0    -2.688299179449    -1.313232731758     3.106940471045
Adsorbate-atom-velocity: 158 0    -2.422956402002    -1.028978344647    -0.863707006043
Adsorbate-atom-velocity: 159 0     5.454333062979     0.162808672519    -2.381734428903
Adsorbate-atom-velocity: 160 0    -2.548856703738    -1.727668036860    -2.578229429925
Adsorbate-atom-velocity: 161 0    -0.311586736984     3.609586393717    -4.777126959613
Adsorbate-atom-velocity: 162 0    -2.518639599355    -2.416281673253    -0.591798292316
Adsorbate-atom-velocity: 163 0    -1.227381213158     1.430274098911    -0.110046205424
Adsorbate-atom-velocity: 164 0    -2.843912241025    -3.287881074290    -0.742988783757
Adsorbate-atom-velocity: 165 0     1.570590145669    -1.764634865671     0.974131077134
Adsorbate-atom-velocity: 166 0     1.175722505264     0.111344704658    -4.826405886872
Adsorbate-atom-velocity: 167 0     0.416781144069    -2.191335209625     0.638811671436
Adsorbate-atom-velocity: 168 0     2.725307157823    -1.515680038441     0.293498448203
Adsorbate-atom-velocity: 169 0     1.081938720479    -2.941116501256     1.768235682121
Adsorbate-atom-velocity: 170 0    -5.028556447312    -2.512946559227    -1.109264751904
Adsorbate-atom-velocity: 171 0    -2.264725852007     4.251231361587     3.100370335342
Adsorbate-atom-velocity: 172 0    -0.446194134264    -3.594125051858     0.514202622448
Adsorbate-atom-velocity: 173 0     1.572696181200    -1.863357317139     0.499867173334
Adsorbate-atom-velocity: 174 0     1.635105185102     4.057685418520    -5.916506162900
Adsorbate-atom-velocity: 175 0    -3.307400415468     0.535603374247    -1.769344528551
Adsorbate-atom-velocity: 176 0     0.219028270384    -2.454080676250     3.032160025857
Adsorbate-atom-velocity: 177 0    -4.760148123420     2.429716603386     1.800554450303
Adsorbate-atom-velocity: 178 0    -2.102373343419     0.209575420129    -3.166697423495
Adsorbate-atom-velocity: 179 0    -0.882644126092    -1.109763160384     3.912350426688
Adsorbate-atom-velocity: 180 0     3.214106938733     3.326286069629    -0.543565993703
Adsorbate-atom-velocity: 181 0    -2.311608512084     1.175048497192     4.422649445539
Adsorbate-atom-velocity: 182 0    -1.519248879048    -0.899182061493    -1.216550023855
Adsorbate-atom-velocity: 183 0     0.967647661525    -0.038724807411     1.557223872287
Adsorbate-atom-velocity: 184 0     1.582410817486     4.418047898647    -4.334355168330
Adsorbate-atom-velocity: 185 0    -3.853679985999    -3.344076715924     2.248615730021
Adsorbate-atom-velocity: 186 0     2.407803598705     3.334898674191     1.899644642361
Adsorbate-atom-velocity: 187 0     3.189301919190     0.210540279991     1.457815080294
Adsorbate-atom-velocity: 188 0     3.331539714244     5.319446560402     3.814683752624
Adsorbate-atom-velocity: 189 0     3.113585755901    -1.084110414266     0.718771785868
Adsorbate-atom-velocity: 190 0    -3.027057716623    -0.111941380657     3.631309450349
Adsorbate-atom-velocity: 191 0    -3.779636727701    -2.805010446454    -1.575213876394
Adsorbate-atom-velocity: 192 0    -2.942986281124    -2.405384618227     0.465950947329
Adsorbate-atom-velocity: 193 0     2.102494069568     4.659925374589    -3.712457857899
Adsorbate-atom-velocity: 194 0     4.227504738191     0.030223901284    -4.053586372114
Adsorbate-atom-velocity: 195 0     2.866674529455    -4.419168908285    -0.130118090954
Adsorbate-atom-velocity: 196 0    -1.290425334277    -0.979136788610    -0.464552471582
Adsorbate-atom-velocity: 197 0     0.231410698262     2.019082460784     3.246294840683
Adsorbate-atom-velocity: 198 0    -4.176132846074    -0.741417659101    -0.155287254755
Adsorbate-atom-velocity: 199 0     1.942468187030    -0.921295993436    -2.212933177770
Adsorbate-atom-velocity: 200 0    -4.079671641565    -4.216658693530    -0.131453716919
Adsorbate-atom-velocity: 201 0    -3.066289413002     2.887616716039    -4.078591609236
Adsorbate-atom-velocity: 202 0     2.314858469126    -1.547581970166     1.789582938092
Adsorbate-atom-velocity: 203 0     2.785813009022    -0.358097390107     2.126302953520
Adsorbate-atom-velocity: 204 0     0.579034705068     2.468310428640     1.515264339787
Adsorbate-atom-velocity: 205 0     0.792414661826    -0.257128658975    -1.455629735175
Adsorbate-atom-velocity: 206 0    -0.092322331195    -0.731462395615     1.050081235786
Adsorbate-atom-velocity: 207 0    -1.190982623723    -3.456309700294    -2.140014047024
Adsorbate-atom-velocity: 208 0    -0.394298921379    -0.886860806878     1.448896098807
Adsorbate-atom-velocity: 209 0    -0.389717395250     1.735325492658    -0.808802553747
Adsorbate-atom-velocity: 210 0     0.551553404945     2.585752549601     1.268678172167
Adsorbate-atom-velocity: 211 0     0.723897502805    -1.426269801196    -1.030461031428
Adsorbate-atom-velocity: 212 0    -4.152900054974     0.620886630475    -3.328404455566
Adsorbate-atom-velocity: 213 0    -1.405992576007     2.746215848612    -3.209756130125
Adsorbate-atom-velocity: 214 0     0.649811829297     1.224211375287    -1.151558382454
Adsorbate-atom-velocity: 215 0     7.181787973262    -0.461910607228     0.768736526835
Adsorbate-atom-velocity: 216 0     0.947706857106    -2.925001594008     1.633609435798
Adsorbate-atom-velocity: 217 0    -2.700814008528     1.858791273279     3.547755339172
Adsorbate-atom-velocity: 218 0     2.733070877963     0.240441722338    -3.183760729562
Adsorbate-atom-velocity: 219 0    -1.816942128458    -7.300429382348    -1.038487391727
Adsorbate-atom-velocity: 220 0    -0.914996252660    -3.281044860487     0.663841775806
Adsorbate-atom-velocity: 221 0     0.836310422515     3.693566226582    -1.034578042989
Adsorbate-atom-velocity: 222 0     3.791049450297    -1.158968672597    -2.757487284708
Adsorbate-atom-velocity: 223 0    -0.057220675826    -0.164737890360    -3.931756917667
Adsorbate-atom-velocity: 224 0    -0.387002984490     1.487278075808     0.120758370080
Adsorbate-atom-velocity: 225 0     0.408895179225     0.928555991509    -4.763627191008
Adsorbate-atom-velocity: 226 0    -5.685248800621    -1.210147054986    -0.192896291560
Adsorbate-atom-velocity: 227 0    -0.831861135041     0.053074619452    -1.487434119268
Adsorbate-atom-velocity: 228 0     2.599620683575     3.049406770946     0.478373019238
Adsorbate-atom-velocity: 229 0    -1.611106724484    -0.291085056695     3.059102651027
Adsorbate-atom-velocity: 230 0    -3.077327886595     0.632802380168     1.721136459830
Adsorbate-atom-velocity: 231 0     1.348779205135     1.805817791127    -1.079528567213
Adsorbate-atom-velocity: 232 0    -1.692450684825    -1.329932332417    -1.306433157644
Adsorbate-atom-velocity: 233 0    -0.213362068106     1.733495503536    -1.840681878392
Adsorbate-atom-velocity: 234 0    -2.943893061862    -1.549001823111     0.339348485529
Adsorbate-atom-velocity: 235 0    -0.704638277393     2.574981965662    -3.454616561063
Adsorbate-atom-velocity: 236 0    -1.645678321680    -3.828633498804     3.625529869980
Adsorbate-atom-velocity: 237 0     0.776777715191     3.877481692140    -1.523582554490
Adsorbate-atom-velocity: 238 0    -3.930757264644    -2.107595230337     1.064103615830
Adsorbate-atom-force:    0 0     0.000000000000     0.000000000000     0.000000000000
Adsorbate-atom-force:    1 0     0.000000000000     0.000000000000     0.000000000000
Adsorbate-atom-force:    2 0     0.000000000000     0.000000000000     0.000000000000
Adsorbate-atom-force:    3 0     0.000000000000     0.000000000000     0.000000000000
Adsorbate-atom-force:    4 0     0.000000000000     0.000000000000     0.000000000000
Adsorbate-atom-force:    5 0     0.000000000000     0.000000000000     0.000000000000
Adsorbate-atom-force:    6 0     0.000000000000     0.000000000000     0.000000000000
Adsorbate-atom-force:    7 0     0.000000000000     0.000000000000     0.000000000000
Adsorbate-atom-force:    8 0     0.000000000000     0.000000000000     0.000000000000
Adsorbate-atom-force:    9 0     0.000000000000     0.000000000000     0.000000000000
Adsorbate-atom-force:    10 0     0.000000000000     0.000000000000     0.000000000000
Adsorbate-atom-force:    11 0     0.000000000000     0.000000000000     0.000000000000
Adsorbate-atom-force:    12 0     0.000000000000     0.000000000000     0.000000000000
Adsorbate-atom-force:    13 0     0.000000000000     0.000000000000     0.000000000000
Adsorbate-atom-force:    14 0     0.000000000000     0.000000000000     0.000000000000
Adsorbate-atom-force:    15 0     0.000000000000     0.000000000000     0.000000000000
Adsorbate-atom-force:    16 0     0.000000000000     0.000000000000     0.000000000000
Adsorbate-atom-force:    17 0     0.000000000000     0.000000000000     0.000000000000
Adsorbate-atom-force:    18 0     0.000000000000     0.000000000000     0.000000000000
Adsorbate-atom-force:    19 0     0.000000000000     0.000000000000     0.000000000000
Adsorbate-atom-force:    20 0     0.000000000000     0.000000000000     0.000000000000
Adsorbate-atom-force:    21 0     0.000000000000     0.000000000000     0.000000000000
Adsorbate-atom-force:    22 0     0.000000000000     0.000000000000     0.000000000000
Adsorbate-atom-force:    23 0     0.000000000000     0.000000000000     0.000000000000
Adsorbate-atom-force:    24 0     0.000000000000     0.000000000000     0.000000000000
Adsorbate-atom-force:    25 0     0.000000000000     0.000000000000     0.000000000000
Adsorbate-atom-force:    26 0     0.000000000000     0.000000000000     0.000000000000
Adsorbate-atom-force:    27 0     0.000000000000     0.000000000000     0.000000000000
Adsorbate-atom-force:    28 0     0.000000000000     0.000000000000     0.000000000000
Adsorbate-atom-force:    29 0     0.000000000000     0.000000000000     0.000000000000
Adsorbate-atom-force:    30 0     0.000000000000     0.000000000000     0.000000000000
Adsorbate-atom-force:    31 0     0.000000000000     0.000000000000     0.000000000000
Adsorbate-atom-force:    32 0     0.000000000000     0.000000000000     0.000000000000
Adsorbate-atom-force:    33 0     0.000000000000     0.000000000000     0.000000000000
Adsorbate-atom-force:    34 0     0.000000000000     0.000000000000     0.000000000000
Adsorbate-atom-force:    35 0     0.000000000000     0.000000000000     0.000000000000
Adsorbate-atom-force:    36 0     0.000000000000     0.000000000000     0.000000000000
Adsorbate-atom-force:    37 0     0.000000000000     0.000000000000     0.000000000000
Adsorbate-atom-force:    38 0     0.000000000000     0.000000000000     0.000000000000
Adsorbate-atom-force:    39 0     0.000000000000     0.000000000000     0.000000000000
Adsorbate-atom-force:    40 0     0.000000000000     0.000000000000     0.000000000000
Adsorbate-atom-force:    41 0     0.000000000000     0.000000000000     0.000000000000
Adsorbate-atom-force:    42 0     0.000000000000     0.000000000000     0.000000000000
Adsorbate-atom-force:    43 0     0.000000000000     0.000000000000     0.000000000000
Adsorbate-atom-force:    44 0     0.000000000000     0.000000000000     0.000000000000
Adsorbate-atom-force:    45 0     0.000000000000     0.000000000000     0.000000000000
Adsorbate-atom-force:    46 0     0.000000000000     0.000000000000     0.000000000000
Adsorbate-atom-force:    47 0     0.000000000000     0.000000000000     0.000000000000
Adsorbate-atom-force:    48 0     0.000000000000     0.000000000000     0.000000000000
Adsorbate-atom-force:    49 0     0.000000000000     0.000000000000     0.000000000000
Adsorbate-atom-force:    50 0     0.000000000000     0.000000000000     0.000000000000
Adsorbate-atom-force:    51 0     0.000000000000     0.000000000000     0.000000000000
Adsorbate-atom-force:    52 0     0.000000000000     0.000000000000     0.000000000000
Adsorbate-atom-force:    53 0     0.000000000000     0.000000000000     0.000000000000
Adsorbate-atom-force:    54 0     0.000000000000     0.000000000000     0.000000000000
Adsorbate-atom-force:    55 0     0.000000000000     0.000000000000     0.000000000000
Adsorbate-atom-force:    56 0     0.000000000000     0.000000000000     0.000000000000
Adsorbate-atom-force:    57 0     0.000000000000     0.000000000000     0.000000000000
Adsorbate-atom-force:    58 0     0.000000000000     0.000000000000     0.000000000000
Adsorbate-atom-force:    59 0     0.000000000000     0.000000000000     0.000000000000
Adsorbate-atom-force:    60 0     0.000000000000     0.000000000000     0.000000000000
Adsorbate-atom-force:    61 0     0.000000000000     0.000000000000     0.000000000000
Adsorbate-atom-force:    62 0     0.000000000000     0.000000000000     0.000000000000
Adsorbate-atom-force:    63 0     0.000000000000     0.000000000000     0.000000000000
Adsorbate-atom-force:    64 0     0.000000000000     0.000000000000     0.000000000000
Adsorbate-atom-force:    65 0     0.000000000000     0.000000000000     0.000000000000
Adsorbate-atom-force:    66 0     0.000000000000     0.000000000000     0.000000000000
Adsorbate-atom-force:    67 0     0.000000000000     0.000000000000     0.000000000000
Adsorbate-atom-force:    68 0     0.000000000000     0.000000000000     0.000000000000
Adsorbate-atom-force:    69 0     0.000000000000     0.000000000000     0.000000000000
Adsorbate-atom-force:    70 0     0.000000000000     0.000000000000     0.000000000000
Adsorbate-atom-force:    71 0     0.000000000000     0.000000000000     0.000000000000
Adsorbate-atom-force:    72 0     0.000000000000     0.000000000000     0.000000000000
Adsorbate-atom-force:    73 0     0.000000000000     0.000000000000     0.000000000000
Adsorbate-atom-force:    74 0     0.000000000000     0.000000000000     0.000000000000
Adsorbate-atom-force:    75 0     0.000000000000     0.000000000000     0.000000000000
Adsorbate-atom-force:    76 0     0.000000000000     0.000000000000     0.000000000000
Adsorbate-atom-force:    77 0     0.000000000000     0.000000000000     0.000000000000
Adsorbate-atom-force:    78 0     0.000000000000     0.000000000000     0.000000000000
Adsorbate-atom-force:    79 0     0.000000000000     0.000000000000     0.000000000000
Adsorbate-atom-force:    80 0     0.000000000000     0.000000000000     0.000000000000
Adsorbate-atom-force:    81 0     0.000000000000     0.000000000000     0.000000000000
Adsorbate-atom-force:    82 0     0.000000000000     0.000000000000     0.000000000000
Adsorbate-atom-force:    83 0     0.000000000000     0.000000000000     0.000000000000
Adsorbate-atom-force:    84 0     0.000000000000     0.000000000000     0.000000000000
Adsorbate-atom-force:    85 0     0.000000000000     0.000000000000     0.000000000000
Adsorbate-atom-force:    86 0     0.000000000000     0.000000000000     0.000000000000
Adsorbate-atom-force:    87 0     0.000000000000     0.000000000000     0.000000000000
Adsorbate-atom-force:    88 0     0.000000000000     0.000000000000     0.000000000000
Adsorbate-atom-force:    89 0     0.000000000000     0.000000000000     0.000000000000
Adsorbate-atom-force:    90 0     0.000000000000     0.000000000000     0.000000000000
Adsorbate-atom-force:    91 0     0.000000000000     0.000000000000     0.000000000000
Adsorbate-atom-force:    92 0     0.000000000000     0.000000000000     0.000000000000
Adsorbate-atom-force:    93 0     0.000000000000     0.000000000000     0.000000000000
Adsorbate-atom-force:    94 0     0.000000000000     0.000000000000     0.000000000000
Adsorbate-atom-force:    95 0     0.000000000000     0.000000000000     0.000000000000
Adsorbate-atom-force:    96 0     0.000000000000     0.000000000000     0.000000000000
Adsorbate-atom-force:    97 0     0.000000000000     0.000000000000     0.000000000000
Adsorbate-atom-force:    98 0     0.000000000000     0.000000000000     0.000000000000
Adsorbate-atom-force:    99 0     0.000000000000     0.000000000000     0.000000000000
Adsorbate-atom-force:    100 0     0.000000000000     0.000000000000     0.000000000000
Adsorbate-atom-force:    101 0     0.000000000000     0.000000000000     0.000000000000
Adsorbate-atom-force:    102 0     0.000000000000     0.000000000000     0.000000000000
Adsorbate-atom-force:    103 0     0.000000000000     0.000000000000     0.000000000000
Adsorbate-atom-force:    104 0     0.000000000000     0.000000000000     0.000000000000
Adsorbate-atom-force:    105 0     0.000000000000     0.000000000000     0.000000000000
Adsorbate-atom-force:    106 0     0.000000000000     0.000000000000     0.000000000000
Adsorbate-atom-force:    107 0     0.000000000000     0.000000000000     0.000000000000
Adsorbate-atom-force:    108 0     0.000000000000     0.000000000000     0.000000000000
Adsorbate-atom-force:    109 0     0.000000000000     0.000000000000     0.000000000000
Adsorbate-atom-force:    110 0     0.000000000000     0.000000000000     0.000000000000
Adsorbate-atom-force:    111 0     0.000000000000     0.000000000000     0.000000000000
Adsorbate-atom-force:    112 0     0.000000000000     0.000000000000     0.000000000000
Adsorbate-atom-force:    113 0     0.000000000000     0.000000000000     0.000000000000
Adsorbate-atom-force:    114 0     0.000000000000     0.000000000000     0.000000000000
Adsorbate-atom-force:    115 0     0.000000000000     0.000000000000     0.000000000000
Adsorbate-atom-force:    116 0     0.000000000000     0.000000000000     0.000000000000
Adsorbate-atom-force:    117 0     0.000000000000     0.000000000000     0.000000000000
Adsorbate-atom-force:    118 0     0.000000000000     0.000000000000     0.000000000000
Adsorbate-atom-force:    119 0     0.000000000000     0.000000000000     0.000000000000
Adsorbate-atom-force:    120 0     0.000000000000     0.000000000000     0.000000000000
Adsorbate-atom-force:    121 0     0.000000000000     0.000000000000     0.000000000000
Adsorbate-atom-force:    122 0     0.000000000000     0.000000000000     0.000000000000
Adsorbate-atom-force:    123 0     0.000000000000     0.000000000000     0.000000000000
Adsorbate-atom-force:    124 0     0.000000000000     0.000000000000     0.000000000000
Adsorbate-atom-force:    125 0     0.000000000000     0.000000000000     0.000000000000
Adsorbate-atom-force:    126 0     0.000000000000     0.000000000000     0.000000000000
Adsorbate-atom-force:    127 0     0.000000000000     0.000000000000     0.000000000000
Adsorbate-atom-force:    128 0     0.000000000000     0.000000000000     0.000000000000
Adsorbate-atom-force:    129 0     0.000000000000     0.000000000000     0.000000000000
Adsorbate-atom-force:    130 0     0.000000000000     0.000000000000     0.000000000000
Adsorbate-atom-force:    131 0     0.000000000000     0.000000000000     0.000000000000
Adsorbate-atom-force:    132 0     0.000000000000     0.000000000000     0.000000000000
Adsorbate-atom-force:    133 0     0.000000000000     0.000000000000     0.000000000000
Adsorbate-atom-force:    134 0     0.000000000000     0.000000000000     0.000000000000
Adsorbate-atom-force:    135 0     0.000000000000     0.000000000000     0.000000000000
Adsorbate-atom-force:    136 0     0.000000000000     0.000000000000     0.000000000000
Adsorbate-atom-force:    137 0     0.000000000000     0.000000000000     0.000000000000
Adsorbate-atom-force:    138 0     0.000000000000     0.000000000000     0.000000000000
Adsorbate-atom-force:    139 0     0.000000000000     0.000000000000     0.000000000000
Adsorbate-atom-force:    140 0     0.000000000000     0.000000000000     0.000000000000
Adsorbate-atom-force:    141 0     0.000000000000     0.000000000000     0.000000000000
Adsorbate-atom-force:    142 0     0.000000000000     0.000000000000     0.000000000000
Adsorbate-atom-force:    143 0     0.000000000000     0.000000000000     0.000000000000
Adsorbate-atom-force:    144 0     0.000000000000     0.000000000000     0.000000000000
Adsorbate-atom-force:    145 0     0.000000000000     0.000000000000     0.000000000000
Adsorbate-atom-force:    146 0     0.000000000000     0.000000000000     0.000000000000
Adsorbate-atom-force:    147 0     0.000000000000     0.000000000000     0.000000000000
Adsorbate-atom-force:    148 0     0.000000000000     0.000000000000     0.000000000000
Adsorbate-atom-force:    149 0     0.000000000000     0.000000000000     0.000000000000
Adsorbate-atom-force:    150 0     0.000000000000     0.000000000000     0.000000000000
Adsorbate-atom-force:    151 0     0.000000000000     0.000000000000     0.000000000000
Adsorbate-atom-force:    152 0     0.000000000000     0.000000000000     0.000000000000
Adsorbate-atom-force:    153 0     0.000000000000     0.000000000000     0.000000000000
Adsorbate-atom-force:    154 0     0.000000000000     0.000000000000     0.000000000000
Adsorbate-atom-force:    155 0     0.000000000000     0.000000000000     0.000000000000
Adsorbate-atom-force:    156 0     0.000000000000     0.000000000000     0.000000000000
Adsorbate-atom-force:    157 0     0.000000000000     0.000000000000     0.000000000000
Adsorbate-atom-force:    158 0     0.000000000000     0.000000000000     0.000000000000
Adsorbate-atom-force:    159 0     0.000000000000     0.000000000000     0.000000000000
Adsorbate-atom-force:    160 0     0.000000000000     0.000000000000     0.000000000000
Adsorbate-atom-force:    161 0     0.000000000000     0.000000000000     0.000000000000
Adsorbate-atom-force:    162 0     0.000000000000     0.000000000000     0.000000000000
Adsorbate-atom-force:    163 0     0.000000000000     0.000000000000     0.000000000000
Adsorbate-atom-force:    164 0     0.000000000000     0.000000000000     0.000000000000
Adsorbate-atom-force:    165 0     0.000000000000     0.000000000000     0.000000000000
Adsorbate-atom-force:    166 0     0.000000000000     0.000000000000     0.000000000000
Adsorbate-atom-force:    167 0     0.000000000000     0.000000000000     0.000000000000
Adsorbate-atom-force:    168 0     0.000000000000     0.000000000000     0.000000000000
Adsorbate-atom-force:    169 0     0.000000000000     0.000000000000     0.000000000000
Adsorbate-atom-force:    170 0     0.000000000000     0.000000000000     0.000000000000
Adsorbate-atom-force:    171 0     0.000000000000     0.000000000000     0.000000000000
Adsorbate-atom-force:    172 0     0.000000000000     0.000000000000     0.000000000000
Adsorbate-atom-force:    173 0     0.000000000000     0.000000000000     0.000000000000
Adsorbate-atom-force:    174 0     0.000000000000     0.000000000000     0.000000000000
Adsorbate-atom-force:    175 0     0.000000000000     0.000000000000     0.000000000000
Adsorbate-atom-force:    176 0     0.000000000000     0.000000000000     0.000000000000
Adsorbate-atom-force:    177 0     0.000000000000     0.000000000000     0.000000000000
Adsorbate-atom-force:    178 0     0.000000000000     0.000000000000     0.000000000000
Adsorbate-atom-force:    179 0     0.000000000000     0.000000000000     0.000000000000
Adsorbate-atom-force:    180 0     0.000000000000     0.000000000000     0.000000000000
Adsorbate-atom-force:    181 0     0.000000000000     0.000000000000     0.000000000000
Adsorbate-atom-force:    182 0     0.000000000000     0.000000000000     0.000000000000
Adsorbate-atom-force:    183 0     0.000000000000     0.000000000000     0.000000000000
Adsorbate-atom-force:    184 0     0.000000000000     0.000000000000     0.000000000000
Adsorbate-atom-force:    185 0     0.000000000000     0.000000000000     0.000000000000
Adsorbate-atom-force:    186 0     0.000000000000     0.000000000000     0.000000000000
Adsorbate-atom-force:    187 0     0.000000000000     0.000000000000     0.000000000000
Adsorbate-atom-force:    188 0     0.000000000000     0.000000000000     0.000000000000
Adsorbate-atom-force:    189 0     0.000000000000     0.000000000000     0.000000000000
Adsorbate-atom-force:    190 0     0.000000000000     0.000000000000     0.000000000000
Adsorbate-atom-force:    191 0     0.000000000000     0.000000000000     0.000000000000
Adsorbate-atom-force:    192 0     0.000000000000     0.000000000000     0.000000000000
Adsorbate-atom-force:    193 0     0.000000000000     0.000000000000     0.000000000000
Adsorbate-atom-force:    194 0     0.000000000000     0.000000000000     0.000000000000
Adsorbate-atom-force:    195 0     0.000000000000     0.000000000000     0.000000000000
Adsorbate-atom-force:    196 0     0.000000000000     0.000000000000     0.000000000000
Adsorbate-atom-force:    197 0     0.000000000000     0.000000000000     0.000000000000
Adsorbate-atom-force:    198 0     0.000000000000     0.000000000000     0.000000000000
Adsorbate-atom-force:    199 0     0.000000000000     0.000000000000     0.000000000000
Adsorbate-atom-force:    200 0     0.000000000000     0.000000000000     0.000000000000
Adsorbate-atom-force:    201 0     0.000000000000     0.000000000000     0.000000000000
Adsorbate-atom-force:    202 0     0.000000000000     0.000000000000     0.000000000000
Adsorbate-atom-force:    203 0     0.000000000000     0.000000000000     0.000000000000
Adsorbate-atom-force:    204 0     0.000000000000     0.000000000000     0.000000000000
Adsorbate-atom-force:    205 0     0.000000000000     0.000000000000     0.000000000000
Adsorbate-atom-force:    206 0     0.000000000000     0.000000000000     0.000000000000
Adsorbate-atom-force:    207 0     0.000000000000     0.000000000000     0.000000000000
Adsorbate-atom-force:    208 0     0.000000000000     0.000000000000     0.000000000000
Adsorbate-atom-force:    209 0     0.000000000000     0.000000000000     0.000000000000
Adsorbate-atom-force:    210 0     0.000000000000     0.000000000000     0.000000000000
Adsorbate-atom-force:    211 0     0.000000000000     0.000000000000     0.000000000000
Adsorbate-atom-force:    212 0     0.000000000000     0.000000000000     0.000000000000
Adsorbate-atom-force:    213 0     0.000000000000     0.000000000000     0.000000000000
Adsorbate-atom-force:    214 0     0.000000000000     0.000000000000     0.000000000000
Adsorbate-atom-force:    215 0     0.000000000000     0.000000000000     0.000000000000
Adsorbate-atom-force:    216 0     0.000000000000     0.000000000000     0.000000000000
Adsorbate-atom-force:    217 0     0.000000000000     0.000000000000     0.000000000000
Adsorbate-atom-force:    218 0     0.000000000000     0.000000000000     0.000000000000
Adsorbate-atom-force:    219 0     0.000000000000     0.000000000000     0.000000000000
Adsorbate-atom-force:    220 0     0.000000000000     0.000000000000     0.000000000000
Adsorbate-atom-force:    221 0     0.000000000000     0.000000000000     0.000000000000
Adsorbate-atom-force:    222 0     0.000000000000     0.000000000000     0.000000000000
Adsorbate-atom-force:    223 0     0.000000000000     0.000000000000     0.000000000000
Adsorbate-atom-force:    224 0     0.000000000000     0.000000000000     0.000000000000
Adsorbate-atom-force:    225 0     0.000000000000     0.000000000000     0.000000000000
Adsorbate-atom-force:    226 0     0.000000000000     0.000000000000     0.000000000000
Adsorbate-atom-force:    227 0     0.000000000000     0.000000000000     0.000000000000
Adsorbate-atom-force:    228 0     0.000000000000     0.000000000000     0.000000000000
Adsorbate-atom-force:    229 0     0.000000000000     0.000000000000     0.000000000000
Adsorbate-atom-force:    230 0     0.000000000000     0.000000000000     0.000000000000
Adsorbate-atom-force:    231 0     0.000000000000     0.000000000000     0.000000000000
Adsorbate-atom-force:    232 0     0.000000000000     0.000000000000     0.000000000000
Adsorbate-atom-force:    233 0     0.000000000000     0.000000000000     0.000000000000
Adsorbate-atom-force:    234 0     0.000000000000     0.000000000000     0.000000000000
Adsorbate-atom-force:    235 0     0.000000000000     0.000000000000     0.000000000000
Adsorbate-atom-force:    236 0     0.000000000000     0.000000000000     0.000000000000
Adsorbate-atom-force:    237 0     0.000000000000     0.000000000000     0.000000000000
Adsorbate-atom-force:    238 0     0.000000000000     0.000000000000     0.000000000000
Adsorbate-atom-charge:   0 0     0.000000000000
Adsorbate-atom-charge:   1 0     0.000000000000
Adsorbate-atom-charge:   2 0     0.000000000000
Adsorbate-atom-charge:   3 0     0.000000000000
Adsorbate-atom-charge:   4 0     0.000000000000
Adsorbate-atom-charge:   5 0     0.000000000000
Adsorbate-atom-charge:   6 0     0.000000000000
Adsorbate-atom-charge:   7 0     0.000000000000
Adsorbate-atom-charge:   8 0     0.000000000000
Adsorbate-atom-charge:   9 0     0.000000000000
Adsorbate-atom-charge:   10 0     0.000000000000
Adsorbate-atom-charge:   11 0     0.000000000000
Adsorbate-atom-charge:   12 0     0.000000000000
Adsorbate-atom-charge:   13 0     0.000000000000
Adsorbate-atom-charge:   14 0     0.000000000000
Adsorbate-atom-charge:   15 0     0.000000000000
Adsorbate-atom-charge:   16 0     0.000000000000
Adsorbate-atom-charge:   17 0     0.000000000000
Adsorbate-atom-charge:   18 0     0.000000000000
Adsorbate-atom-charge:   19 0     0.000000000000
Adsorbate-atom-charge:   20 0     0.000000000000
Adsorbate-atom-charge:   21 0     0.000000000000
Adsorbate-atom-charge:   22 0     0.000000000000
Adsorbate-atom-charge:   23 0     0.000000000000
Adsorbate-atom-charge:   24 0     0.000000000000
Adsorbate-atom-charge:   25 0     0.000000000000
Adsorbate-atom-charge:   26 0     0.000000000000
Adsorbate-atom-charge:   27 0     0.000000000000
Adsorbate-atom-charge:   28 0     0.000000000000
Adsorbate-atom-charge:   29 0     0.000000000000
Adsorbate-atom-charge:   30 0     0.000000000000
Adsorbate-atom-charge:   31 0     0.000000000000
Adsorbate-atom-charge:   32 0     0.000000000000
Adsorbate-atom-charge:   33 0     0.000000000000
Adsorbate-atom-charge:   34 0     0.000000000000
Adsorbate-atom-charge:   35 0     0.000000000000
Adsorbate-atom-charge:   36 0     0.000000000000
Adsorbate-atom-charge:   37 0     0.000000000000
Adsorbate-atom-charge:   38 0     0.000000000000
Adsorbate-atom-charge:   39 0     0.000000000000
Adsorbate-atom-charge:   40 0     0.000000000000
Adsorbate-atom-charge:   41 0     0.000000000000
Adsorbate-atom-charge:   42 0     0.000000000000
Adsorbate-atom-charge:   43 0     0.000000000000
Adsorbate-atom-charge:   44 0     0.000000000000
Adsorbate-atom-charge:   45 0     0.000000000000
Adsorbate-atom-charge:   46 0     0.000000000000
Adsorbate-atom-charge:   47 0     0.000000000000
Adsorbate-atom-charge:   48 0     0.000000000000
Adsorbate-atom-charge:   49 0     0.000000000000
Adsorbate-atom-charge:   50 0     0.000000000000
Adsorbate-atom-charge:   51 0     0.000000000000
Adsorbate-atom-charge:   52 0     0.000000000000
Adsorbate-atom-charge:   53 0     0.000000000000
Adsorbate-atom-charge:   54 0     0.000000000000
Adsorbate-atom-charge:   55 0     0.000000000000
Adsorbate-atom-charge:   56 0     0.000000000000
Adsorbate-atom-charge:   57 0     0.000000000000
Adsorbate-atom-charge:   58 0     0.000000000000
Adsorbate-atom-charge:   59 0     0.000000000000
Adsorbate-atom-charge:   60 0     0.000000000000
Adsorbate-atom-charge:   61 0     0.000000000000
Adsorbate-atom-charge:   62 0     0.000000000000
Adsorbate-atom-charge:   63 0     0.000000000000
Adsorbate-atom-charge:   64 0     0.000000000000
Adsorbate-atom-charge:   65 0     0.000000000000
Adsorbate-atom-charge:   66 0     0.000000000000
Adsorbate-atom-charge:   67 0     0.000000000000
Adsorbate-atom-charge:   68 0     0.000000000000
Adsorbate-atom-charge:   69 0     0.000000000000
Adsorbate-atom-charge:   70 0     0.000000000000
Adsorbate-atom-charge:   71 0     0.000000000000
Adsorbate-atom-charge:   72 0     0.000000000000
Adsorbate-atom-charge:   73 0     0.000000000000
Adsorbate-atom-charge:   74 0     0.000000000000
Adsorbate-atom-charge:   75 0     0.000000000000
Adsorbate-atom-charge:   76 0     0.000000000000
Adsorbate-atom-charge:   77 0     0.000000000000
Adsorbate-atom-charge:   78 0     0.000000000000
Adsorbate-atom-charge:   79 0     0.000000000000
Adsorbate-atom-charge:   80 0     0.000000000000
Adsorbate-atom-charge:   81 0     0.000000000000
Adsorbate-atom-charge:   82 0     0.000000000000
Adsorbate-atom-charge:   83 0     0.000000000000
Adsorbate-atom-charge:   84 0     0.000000000000
Adsorbate-atom-charge:   85 0     0.000000000000
Adsorbate-atom-charge:   86 0     0.000000000000
Adsorbate-atom-charge:   87 0     0.000000000000
Adsorbate-atom-charge:   88 0     0.000000000000
Adsorbate-atom-charge:   89 0     0.000000000000
Adsorbate-atom-charge:   90 0     0.000000000000
Adsorbate-atom-charge:   91 0     0.000000000000
Adsorbate-atom-charge:   92 0     0.000000000000
Adsorbate-atom-charge:   93 0     0.000000000000
Adsorbate-atom-charge:   94 0     0.000000000000
Adsorbate-atom-charge:   95 0     0.000000000000
Adsorbate-atom-charge:   96 0     0.000000000000
Adsorbate-atom-charge:   97 0     0.000000000000
Adsorbate-atom-charge:   98 0     0.000000000000
Adsorbate-atom-charge:   99 0     0.000000000000
Adsorbate-atom-charge:   100 0     0.000000000000
Adsorbate-atom-charge:   101 0     0.000000000000
Adsorbate-atom-charge:   102 0     0.000000000000
Adsorbate-atom-charge:   103 0     0.000000000000
Adsorbate-atom-charge:   104 0     0.000000000000
Adsorbate-atom-charge:   105 0     0.000000000000
Adsorbate-atom-charge:   106 0     0.000000000000
Adsorbate-atom-charge:   107 0     0.000000000000
Adsorbate-atom-charge:   108 0     0.000000000000
Adsorbate-atom-charge:   109 0     0.000000000000
Adsorbate-atom-charge:   110 0     0.000000000000
Adsorbate-atom-charge:   111 0     0.000000000000
Adsorbate-atom-charge:   112 0     0.000000000000
Adsorbate-atom-charge:   113 0     0.000000000000
Adsorbate-atom-charge:   114 0     0.000000000000
Adsorbate-atom-charge:   115 0     0.000000000000
Adsorbate-atom-charge:   116 0     0.000000000000
Adsorbate-atom-charge:   117 0     0.000000000000
Adsorbate-atom-charge:   118 0     0.000000000000
Adsorbate-atom-charge:   119 0     0.000000000000
Adsorbate-atom-charge:   120 0     0.000000000000
Adsorbate-atom-charge:   121 0     0.000000000000
Adsorbate-atom-charge:   122 0     0.000000000000
Adsorbate-atom-charge:   123 0     0.000000000000
Adsorbate-atom-charge:   124 0     0.000000000000
Adsorbate-atom-charge:   125 0     0.000000000000
Adsorbate-atom-charge:   126 0     0.000000000000
Adsorbate-atom-charge:   127 0     0.000000000000
Adsorbate-atom-charge:   128 0     0.000000000000
Adsorbate-atom-charge:   129 0     0.000000000000
Adsorbate-atom-charge:   130 0     0.000000000000
Adsorbate-atom-charge:   131 0     0.000000000000
Adsorbate-atom-charge:   132 0     0.000000000000
Adsorbate-atom-charge:   133 0     0.000000000000
Adsorbate-atom-charge:   134 0     0.000000000000
Adsorbate-atom-charge:   135 0     0.000000000000
Adsorbate-atom-charge:   136 0     0.000000000000
Adsorbate-atom-charge:   137 0     0.000000000000
Adsorbate-atom-charge:   138 0     0.000000000000
Adsorbate-atom-charge:   139 0     0.000000000000
Adsorbate-atom-charge:   140 0     0.000000000000
Adsorbate-atom-charge:   141 0     0.000000000000
Adsorbate-atom-charge:   142 0     0.000000000000
Adsorbate-atom-charge:   143 0     0.000000000000
Adsorbate-atom-charge:   144 0     0.000000000000
Adsorbate-atom-charge:   145 0     0.000000000000
Adsorbate-atom-charge:   146 0     0.000000000000
Adsorbate-atom-charge:   147 0     0.000000000000
Adsorbate-atom-charge:   148 0     0.000000000000
Adsorbate-atom-charge:   149 0     0.000000000000
Adsorbate-atom-charge:   150 0     0.000000000000
Adsorbate-atom-charge:   151 0     0.000000000000
Adsorbate-atom-charge:   152 0     0.000000000000
Adsorbate-atom-charge:   153 0     0.000000000000
Adsorbate-atom-charge:   154 0     0.000000000000
Adsorbate-atom-charge:   155 0     0.000000000000
Adsorbate-atom-charge:   156 0     0.000000000000
Adsorbate-atom-charge:   157 0     0.000000000000
Adsorbate-atom-charge:   158 0     0.000000000000
Adsorbate-atom-charge:   159 0     0.000000000000
Adsorbate-atom-charge:   160 0     0.000000000000
Adsorbate-atom-charge:   161 0     0.000000000000
Adsorbate-atom-charge:   162 0     0.000000000000
Adsorbate-atom-charge:   163 0     0.000000000000
Adsorbate-atom-charge:   164 0     0.000000000000
Adsorbate-atom-charge:   165 0     0.000000000000
Adsorbate-atom-charge:   166 0     0.000000000000
Adsorbate-atom-charge:   167 0     0.000000000000
Adsorbate-atom-charge:   168 0     0.000000000000
Adsorbate-atom-charge:   169 0     0.000000000000
Adsorbate-atom-charge:   170 0     0.000000000000
Adsorbate-atom-charge:   171 0     0.000000000000
Adsorbate-atom-charge:   172 0     0.000000000000
Adsorbate-atom-charge:   173 0     0.000000000000
Adsorbate-atom-charge:   174 0     0.000000000000
Adsorbate-atom-charge:   175 0     0.000000000000
Adsorbate-atom-charge:   176 0     0.000000000000
Adsorbate-atom-charge:   177 0     0.000000000000
Adsorbate-atom-charge:   178 0     0.000000000000
Adsorbate-atom-charge:   179 0     0.000000000000
Adsorbate-atom-charge:   180 0     0.000000000000
Adsorbate-atom-charge:   181 0     0.000000000000
Adsorbate-atom-charge:   182 0     0.000000000000
Adsorbate-atom-charge:   183 0     0.000000000000
Adsorbate-atom-charge:   184 0     0.000000000000
Adsorbate-atom-charge:   185 0     0.000000000000
Adsorbate-atom-charge:   186 0     0.000000000000
Adsorbate-atom-charge:   187 0     0.000000000000
Adsorbate-atom-charge:   188 0     0.000000000000
Adsorbate-atom-charge:   189 0     0.000000000000
Adsorbate-atom-charge:   190 0     0.000000000000
Adsorbate-atom-charge:   191 0     0.000000000000
Adsorbate-atom-charge:   192 0     0.000000000000
Adsorbate-atom-charge:   193 0     0.000000000000
Adsorbate-atom-charge:   194 0     0.000000000000
Adsorbate-atom-charge:   195 0     0.000000000000
Adsorbate-atom-charge:   196 0     0.000000000000
Adsorbate-atom-charge:   197 0     0.000000000000
Adsorbate-atom-charge:   198 0     0.000000000000
Adsorbate-atom-charge:   199 0     0.000000000000
Adsorbate-atom-charge:   200 0     0.000000000000
Adsorbate-atom-charge:   201 0     0.000000000000
Adsorbate-atom-charge:   202 0     0.000000000000
Adsorbate-atom-charge:   203 0     0.000000000000
Adsorbate-atom-charge:   204 0     0.000000000000
Adsorbate-atom-charge:   205 0     0.000000000000
Adsorbate-atom-charge:   206 0     0.000000000000
Adsorbate-atom-charge:   207 0     0.000000000000
Adsorbate-atom-charge:   208 0     0.000000000000
Adsorbate-atom-charge:   209 0     0.000000000000
Adsorbate-atom-charge:   210 0     0.000000000000
Adsorbate-atom-charge:   211 0     0.000000000000
Adsorbate-atom-charge:   212 0     0.000000000000
Adsorbate-atom-charge:   213 0     0.000000000000
Adsorbate-atom-charge:   214 0     0.000000000000
Adsorbate-atom-charge:   215 0     0.000000000000
Adsorbate-atom-charge:   216 0     0.000000000000
Adsorbate-atom-charge:   217 0     0.000000000000
Adsorbate-atom-charge:   218 0     0.000000000000
Adsorbate-atom-charge:   219 0     0.000000000000
Adsorbate-atom-charge:   220 0     0.000000000000
Adsorbate-atom-charge:   221 0     0.000000000000
Adsorbate-atom-charge:   222 0     0.000000000000
Adsorbate-atom-charge:   223 0     0.000000000000
Adsorbate-atom-charge:   224 0     0.000000000000
Adsorbate-atom-charge:   225 0     0.000000000000
Adsorbate-atom-charge:   226 0     0.000000000000
Adsorbate-atom-charge:   227 0     0.000000000000
Adsorbate-atom-charge:   228 0     0.000000000000
Adsorbate-atom-charge:   229 0     0.000000000000
Adsorbate-atom-charge:   230 0     0.000000000000
Adsorbate-atom-charge:   231 0     0.000000000000
Adsorbate-atom-charge:   232 0     0.000000000000
Adsorbate-atom-charge:   233 0     0.000000000000
Adsorbate-atom-charge:   234 0     0.000000000000
Adsorbate-atom-charge:   235 0     0.000000000000
Adsorbate-atom-charge:   236 0     0.000000000000
Adsorbate-atom-charge:   237 0     0.000000000000
Adsorbate-atom-charge:   238 0     0.000000000000
Adsorbate-atom-scaling:  0 0     1.000000000000
Adsorbate-atom-scaling:  1 0     1.000000000000
Adsorbate-atom-scaling:  2 0     1.000000000000
Adsorbate-atom-scaling:  3 0     1.000000000000
Adsorbate-atom-scaling:  4 0     1.000000000000
Adsorbate-atom-scaling:  5 0     1.000000000000
Adsorbate-atom-scaling:  6 0     1.000000000000
Adsorbate-atom-scaling:  7 0     1.000000000000
Adsorbate-atom-scaling:  8 0     1.000000000000
Adsorbate-atom-scaling:  9 0     1.000000000000
Adsorbate-atom-scaling:  10 0     1.000000000000
Adsorbate-atom-scaling:  11 0     1.000000000000
Adsorbate-atom-scaling:  12 0     1.000000000000
Adsorbate-atom-scaling:  13 0     1.000000000000
Adsorbate-atom-scaling:  14 0     1.000000000000
Adsorbate-atom-scaling:  15 0     1.000000000000
Adsorbate-atom-scaling:  16 0     1.000000000000
Adsorbate-atom-scaling:  17 0     1.000000000000
Adsorbate-atom-scaling:  18 0     1.000000000000
Adsorbate-atom-scaling:  19 0     1.000000000000
Adsorbate-atom-scaling:  20 0     1.000000000000
Adsorbate-atom-scaling:  21 0     1.000000000000
Adsorbate-atom-scaling:  22 0     1.000000000000
Adsorbate-atom-scaling:  23 0     1.000000000000
Adsorbate-atom-scaling:  24 0     1.000000000000
Adsorbate-atom-scaling:  25 0     1.000000000000
Adsorbate-atom-scaling:  26 0     1.000000000000
Adsorbate-atom-scaling:  27 0     1.000000000000
Adsorbate-atom-scaling:  28 0     1.000000000000
Adsorbate-atom-scaling:  29 0     1.000000000000
Adsorbate-atom-scaling:  30 0     1.000000000000
Adsorbate-atom-scaling:  31 0     1.000000000000
Adsorbate-atom-scaling:  32 0     1.000000000000
Adsorbate-atom-scaling:  33 0     1.000000000000
Adsorbate-atom-scaling:  34 0     1.000000000000
Adsorbate-atom-scaling:  35 0     1.000000000000
Adsorbate-atom-scaling:  36 0     1.000000000000
Adsorbate-atom-scaling:  37 0     1.000000000000
Adsorbate-atom-scaling:  38 0     1.000000000000
Adsorbate-atom-scaling:  39 0     1.000000000000
Adsorbate-atom-scaling:  40 0     1.000000000000
Adsorbate-atom-scaling:  41 0     1.000000000000
Adsorbate-atom-scaling:  42 0     1.000000000000
Adsorbate-atom-scaling:  43 0     1.000000000000
Adsorbate-atom-scaling:  44 0     1.000000000000
Adsorbate-atom-scaling:  45 0     1.000000000000
Adsorbate-atom-scaling:  46 0     1.000000000000
Adsorbate-atom-scaling:  47 0     1.000000000000
Adsorbate-atom-scaling:  48 0     1.000000000000
Adsorbate-atom-scaling:  49 0     1.000000000000
Adsorbate-atom-scaling:  50 0     1.000000000000
Adsorbate-atom-scaling:  51 0     1.000000000000
Adsorbate-atom-scaling:  52 0     1.000000000000
Adsorbate-atom-scaling:  53 0     1.000000000000
Adsorbate-atom-scaling:  54 0     1.000000000000
Adsorbate-atom-scaling:  55 0     1.000000000000
Adsorbate-atom-scaling:  56 0     1.000000000000
Adsorbate-atom-scaling:  57 0     1.000000000000
Adsorbate-atom-scaling:  58 0     1.000000000000
Adsorbate-atom-scaling:  59 0     1.000000000000
Adsorbate-atom-scaling:  60 0     1.000000000000
Adsorbate-atom-scaling:  61 0     1.000000000000
Adsorbate-atom-scaling:  62 0     1.000000000000
Adsorbate-atom-scaling:  63 0     1.000000000000
Adsorbate-atom-scaling:  64 0     1.000000000000
Adsorbate-atom-scaling:  65 0     1.000000000000
Adsorbate-atom-scaling:  66 0     1.000000000000
Adsorbate-atom-scaling:  67 0     1.000000000000
Adsorbate-atom-scaling:  68 0     1.000000000000
Adsorbate-atom-scaling:  69 0     1.000000000000
Adsorbate-atom-scaling:  70 0     1.000000000000
Adsorbate-atom-scaling:  71 0     1.000000000000
Adsorbate-atom-scaling:  72 0     1.000000000000
Adsorbate-atom-scaling:  73 0     1.000000000000
Adsorbate-atom-scaling:  74 0     1.000000000000
Adsorbate-atom-scaling:  75 0     1.000000000000
Adsorbate-atom-scaling:  76 0     1.000000000000
Adsorbate-atom-scaling:  77 0     1.000000000000
Adsorbate-atom-scaling:  78 0     1.000000000000
Adsorbate-atom-scaling:  79 0     1.000000000000
Adsorbate-atom-scaling:  80 0     1.000000000000
Adsorbate-atom-scaling:  81 0     1.000000000000
Adsorbate-atom-scaling:  82 0     1.000000000000
Adsorbate-atom-scaling:  83 0     1.000000000000
Adsorbate-atom-scaling:  84 0     1.000000000000
Adsorbate-atom-scaling:  85 0     1.000000000000
Adsorbate-atom-scaling:  86 0     1.000000000000
Adsorbate-atom-scaling:  87 0     1.000000000000
Adsorbate-atom-scaling:  88 0     1.000000000000
Adsorbate-atom-scaling:  89 0     1.000000000000
Adsorbate-atom-scaling:  90 0     1.000000000000
Adsorbate-atom-scaling:  91 0     1.000000000000
Adsorbate-atom-scaling:  92 0     1.000000000000
Adsorbate-atom-scaling:  93 0     1.000000000000
Adsorbate-atom-scaling:  94 0     1.000000000000
Adsorbate-atom-scaling:  95 0     1.000000000000
Adsorbate-atom-scaling:  96 0     1.000000000000
Adsorbate-atom-scaling:  97 0     1.000000000000
Adsorbate-atom-scaling:  98 0     1.000000000000
Adsorbate-atom-scaling:  99 0     1.000000000000
Adsorbate-atom-scaling:  100 0     1.000000000000
Adsorbate-atom-scaling:  101 0     1.000000000000
Adsorbate-atom-scaling:  102 0     1.000000000000
Adsorbate-atom-scaling:  103 0     1.000000000000
Adsorbate-atom-scaling:  104 0     1.000000000000
Adsorbate-atom-scaling:  105 0     1.000000000000
Adsorbate-atom-scaling:  106 0     1.000000000000
Adsorbate-atom-scaling:  107 0     1.000000000000
Adsorbate-atom-scaling:  108 0     1.000000000000
Adsorbate-atom-scaling:  109 0     1.000000000000
Adsorbate-atom-scaling:  110 0     1.000000000000
Adsorbate-atom-scaling:  111 0     1.000000000000
Adsorbate-atom-scaling:  112 0     1.000000000000
Adsorbate-atom-scaling:  113 0     1.000000000000
Adsorbate-atom-scaling:  114 0     1.000000000000
Adsorbate-atom-scaling:  115 0     1.000000000000
Adsorbate-atom-scaling:  116 0     1.000000000000
Adsorbate-atom-scaling:  117 0     1.000000000000
Adsorbate-atom-scaling:  118 0     1.000000000000
Adsorbate-atom-scaling:  119 0     1.000000000000
Adsorbate-atom-scaling:  120 0     1.000000000000
Adsorbate-atom-scaling:  121 0     1.000000000000
Adsorbate-atom-scaling:  122 0     1.000000000000
Adsorbate-atom-scaling:  123 0     1.000000000000
Adsorbate-atom-scaling:  124 0     1.000000000000
Adsorbate-atom-scaling:  125 0     1.000000000000
Adsorbate-atom-scaling:  126 0     1.000000000000
Adsorbate-atom-scaling:  127 0     1.000000000000
Adsorbate-atom-scaling:  128 0     1.000000000000
Adsorbate-atom-scaling:  129 0     1.000000000000
Adsorbate-atom-scaling:  130 0     1.000000000000
Adsorbate-atom-scaling:  131 0     1.000000000000
Adsorbate-atom-scaling:  132 0     1.000000000000
Adsorbate-atom-scaling:  133 0     1.000000000000
Adsorbate-atom-scaling:  134 0     1.000000000000
Adsorbate-atom-scaling:  135 0     1.000000000000
Adsorbate-atom-scaling:  136 0     1.000000000000
Adsorbate-atom-scaling:  137 0     1.000000000000
Adsorbate-atom-scaling:  138 0     1.000000000000
Adsorbate-atom-scaling:  139 0     1.000000000000
Adsorbate-atom-scaling:  140 0     1.000000000000
Adsorbate-atom-scaling:  141 0     1.000000000000
Adsorbate-atom-scaling:  142 0     1.000000000000
Adsorbate-atom-scaling:  143 0     1.000000000000
Adsorbate-atom-scaling:  144 0     1.000000000000
Adsorbate-atom-scaling:  145 0     1.000000000000
Adsorbate-atom-scaling:  146 0     1.000000000000
Adsorbate-atom-scaling:  147 0     1.000000000000
Adsorbate-atom-scaling:  148 0     1.000000000000
Adsorbate-atom-scaling:  149 0     1.000000000000
Adsorbate-atom-scaling:  150 0     1.000000000000
Adsorbate-atom-scaling:  151 0     1.000000000000
Adsorbate-atom-scaling:  152 0     1.000000000000
Adsorbate-atom-scaling:  153 0     1.000000000000
Adsorbate-atom-scaling:  154 0     1.000000000000
Adsorbate-atom-scaling:  155 0     1.000000000000
Adsorbate-atom-scaling:  156 0     1.000000000000
Adsorbate-atom-scaling:  157 0     1.000000000000
Adsorbate-atom-scaling:  158 0     1.000000000000
Adsorbate-atom-scaling:  159 0     1.000000000000
Adsorbate-atom-scaling:  160 0     1.000000000000
Adsorbate-atom-scaling:  161 0     1.000000000000
Adsorbate-atom-scaling:  162 0     1.000000000000
Adsorbate-atom-scaling:  163 0     1.000000000000
Adsorbate-atom-scaling:  164 0     1.000000000000
Adsorbate-atom-scaling:  165 0     1.000000000000
Adsorbate-atom-scaling:  166 0     1.000000000000
Adsorbate-atom-scaling:  167 0     1.000000000000
Adsorbate-atom-scaling:  168 0     1.000000000000
Adsorbate-atom-scaling:  169 0     1.000000000000
Adsorbate-atom-scaling:  170 0     1.000000000000
Adsorbate-atom-scaling:  171 0     1.000000000000
Adsorbate-atom-scaling:  172 0     1.000000000000
Adsorbate-atom-scaling:  173 0     1.000000000000
Adsorbate-atom-scaling:  174 0     1.000000000000
Adsorbate-atom-scaling:  175 0     1.000000000000
Adsorbate-atom-scaling:  176 0     1.000000000000
Adsorbate-atom-scaling:  177 0     1.000000000000
Adsorbate-atom-scaling:  178 0     1.000000000000
Adsorbate-atom-scaling:  179 0     1.000000000000
Adsorbate-atom-scaling:  180 0     1.000000000000
Adsorbate-atom-scaling:  181 0     1.000000000000
Adsorbate-atom-scaling:  182 0     1.000000000000
Adsorbate-atom-scaling:  183 0     1.000000000000
Adsorbate-atom-scaling:  184 0     1.000000000000
Adsorbate-atom-scaling:  185 0     1.000000000000
Adsorbate-atom-scaling:  186 0     1.000000000000
Adsorbate-atom-scaling:  187 0     1.000000000000
Adsorbate-atom-scaling:  188 0     1.000000000000
Adsorbate-atom-scaling:  189 0     1.000000000000
Adsorbate-atom-scaling:  190 0     1.000000000000
Adsorbate-atom-scaling:  191 0     1.000000000000
Adsorbate-atom-scaling:  192 0     1.000000000000
Adsorbate-atom-scaling:  193 0     1.000000000000
Adsorbate-atom-scaling:  194 0     1.000000000000
Adsorbate-atom-scaling:  195 0     1.000000000000
Adsorbate-atom-scaling:  196 0     1.000000000000
Adsorbate-atom-scaling:  197 0     1.000000000000
Adsorbate-atom-scaling:  198 0     1.000000000000
Adsorbate-atom-scaling:  199 0     1.000000000000
Adsorbate-atom-scaling:  200 0     1.000000000000
Adsorbate-atom-scaling:  201 0     1.000000000000
Adsorbate-atom-scaling:  202 0     1.000000000000
Adsorbate-atom-scaling:  203 0     1.000000000000
Adsorbate-atom-scaling:  204 0     1.000000000000
Adsorbate-atom-scaling:  205 0     1.000000000000
Adsorbate-atom-scaling:  206 0     1.000000000000
Adsorbate-atom-scaling:  207 0     1.000000000000
Adsorbate-atom-scaling:  208 0     1.000000000000
Adsorbate-atom-scaling:  209 0     1.000000000000
Adsorbate-atom-scaling:  210 0     1.000000000000
Adsorbate-atom-scaling:  211 0     1.000000000000
Adsorbate-atom-scaling:  212 0     1.000000000000
Adsorbate-atom-scaling:  213 0     1.000000000000
Adsorbate-atom-scaling:  214 0     1.000000000000
Adsorbate-atom-scaling:  215 0     1.000000000000
Adsorbate-atom-scaling:  216 0     1.000000000000
Adsorbate-atom-scaling:  217 0     1.000000000000
Adsorbate-atom-scaling:  218 0     1.000000000000
Adsorbate-atom-scaling:  219 0     1.000000000000
Adsorbate-atom-scaling:  220 0     1.000000000000
Adsorbate-atom-scaling:  221 0     1.000000000000
Adsorbate-atom-scaling:  222 0     1.000000000000
Adsorbate-atom-scaling:  223 0     1.000000000000
Adsorbate-atom-scaling:  224 0     1.000000000000
Adsorbate-atom-scaling:  225 0     1.000000000000
Adsorbate-atom-scaling:  226 0     1.000000000000
Adsorbate-atom-scaling:  227 0     1.000000000000
Adsorbate-atom-scaling:  228 0     1.000000000000
Adsorbate-atom-scaling:  229 0     1.000000000000
Adsorbate-atom-scaling:  230 0     1.000000000000
Adsorbate-atom-scaling:  231 0     1.000000000000
Adsorbate-atom-scaling:  232 0     1.000000000000
Adsorbate-atom-scaling:  233 0     1.000000000000
Adsorbate-atom-scaling:  234 0     1.000000000000
Adsorbate-atom-scaling:  235 0     1.000000000000
Adsorbate-atom-scaling:  236 0     1.000000000000
Adsorbate-atom-scaling:  237 0     1.000000000000
Adsorbate-atom-scaling:  238 0     1.000000000000
Adsorbate-atom-fixed:    0 0       0 0 0
Adsorbate-atom-fixed:    1 0       0 0 0
Adsorbate-atom-fixed:    2 0       0 0 0
Adsorbate-atom-fixed:    3 0       0 0 0
Adsorbate-atom-fixed:    4 0       0 0 0
Adsorbate-atom-fixed:    5 0       0 0 0
Adsorbate-atom-fixed:    6 0       0 0 0
Adsorbate-atom-fixed:    7 0       0 0 0
Adsorbate-atom-fixed:    8 0       0 0 0
Adsorbate-atom-fixed:    9 0       0 0 0
Adsorbate-atom-fixed:    10 0       0 0 0
Adsorbate-atom-fixed:    11 0       0 0 0
Adsorbate-atom-fixed:    12 0       0 0 0
Adsorbate-atom-fixed:    13 0       0 0 0
Adsorbate-atom-fixed:    14 0       0 0 0
Adsorbate-atom-fixed:    15 0       0 0 0
Adsorbate-atom-fixed:    16 0       0 0 0
Adsorbate-atom-fixed:    17 0       0 0 0
Adsorbate-atom-fixed:    18 0       0 0 0
Adsorbate-atom-fixed:    19 0       0 0 0
Adsorbate-atom-fixed:    20 0       0 0 0
Adsorbate-atom-fixed:    21 0       0 0 0
Adsorbate-atom-fixed:    22 0       0 0 0
Adsorbate-atom-fixed:    23 0       0 0 0
Adsorbate-atom-fixed:    24 0       0 0 0
Adsorbate-atom-fixed:    25 0       0 0 0
Adsorbate-atom-fixed:    26 0       0 0 0
Adsorbate-atom-fixed:    27 0       0 0 0
Adsorbate-atom-fixed:    28 0       0 0 0
Adsorbate-atom-fixed:    29 0       0 0 0
Adsorbate-atom-fixed:    30 0       0 0 0
Adsorbate-atom-fixed:    31 0       0 0 0
Adsorbate-atom-fixed:    32 0       0 0 0
Adsorbate-atom-fixed:    33 0       0 0 0
Adsorbate-atom-fixed:    34 0       0 0 0
Adsorbate-atom-fixed:    35 0       0 0 0
Adsorbate-atom-fixed:    36 0       0 0 0
Adsorbate-atom-fixed:    37 0       0 0 0
Adsorbate-atom-fixed:    38 0       0 0 0
Adsorbate-atom-fixed:    39 0       0 0 0
Adsorbate-atom-fixed:    40 0       0 0 0
Adsorbate-atom-fixed:    41 0       0 0 0
Adsorbate-atom-fixed:    42 0       0 0 0
Adsorbate-atom-fixed:    43 0       0 0 0
Adsorbate-atom-fixed:    44 0       0 0 0
Adsorbate-atom-fixed:    45 0       0 0 0
Adsorbate-atom-fixed:    46 0       0 0 0
Adsorbate-atom-fixed:    47 0       0 0 0
Adsorbate-atom-fixed:    48 0       0 0 0
Adsorbate-atom-fixed:    49 0       0 0 0
Adsorbate-atom-fixed:    50 0       0 0 0
Adsorbate-atom-fixed:    51 0       0 0 0
Adsorbate-atom-fixed:    52 0       0 0 0
Adsorbate-atom-fixed:    53 0       0 0 0
Adsorbate-atom-fixed:    54 0       0 0 0
Adsorbate-atom-fixed:    55 0       0 0 0
Adsorbate-atom-fixed:    56 0       0 0 0
Adsorbate-atom-fixed:    57 0       0 0 0
Adsorbate-atom-fixed:    58 0       0 0 0
Adsorbate-atom-fixed:    59 0       0 0 0
Adsorbate-atom-fixed:    60 0       0 0 0
Adsorbate-atom-fixed:    61 0       0 0 0
Adsorbate-atom-fixed:    62 0       0 0 0
Adsorbate-atom-fixed:    63 0       0 0 0
Adsorbate-atom-fixed:    64 0       0 0 0
Adsorbate-atom-fixed:    65 0       0 0 0
Adsorbate-atom-fixed:    66 0       0 0 0
Adsorbate-atom-fixed:    67 0       0 0 0
Adsorbate-atom-fixed:    68 0       0 0 0
Adsorbate-atom-fixed:    69 0       0 0 0
Adsorbate-atom-fixed:    70 0       0 0 0
Adsorbate-atom-fixed:    71 0       0 0 0
Adsorbate-atom-fixed:    72 0       0 0 0
Adsorbate-atom-fixed:    73 0       0 0 0
Adsorbate-atom-fixed:    74 0       0 0 0
Adsorbate-atom-fixed:    75 0       0 0 0
Adsorbate-atom-fixed:    76 0       0 0 0
Adsorbate-atom-fixed:    77 0       0 0 0
Adsorbate-atom-fixed:    78 0       0 0 0
Adsorbate-atom-fixed:    79 0       0 0 0
Adsorbate-atom-fixed:    80 0       0 0 0
Adsorbate-atom-fixed:    81 0       0 0 0
Adsorbate-atom-fixed:    82 0       0 0 0
Adsorbate-atom-fixed:    83 0       0 0 0
Adsorbate-atom-fixed:    84 0       0 0 0
Adsorbate-atom-fixed:    85 0       0 0 0
Adsorbate-atom-fixed:    86 0       0 0 0
Adsorbate-atom-fixed:    87 0       0 0 0
Adsorbate-atom-fixed:    88 0       0 0 0
Adsorbate-atom-fixed:    89 0       0 0 0
Adsorbate-atom-fixed:    90 0       0 0 0
Adsorbate-atom-fixed:    91 0       0 0 0
Adsorbate-atom-fixed:    92 0       0 0 0
Adsorbate-atom-fixed:    93 0       0 0 0
Adsorbate-atom-fixed:    94 0       0 0 0
Adsorbate-atom-fixed:    95 0       0 0 0
Adsorbate-atom-fixed:    96 0       0 0 0
Adsorbate-atom-fixed:    97 0       0 0 0
Adsorbate-atom-fixed:    98 0       0 0 0
Adsorbate-atom-fixed:    99 0       0 0 0
Adsorbate-atom-fixed:    100 0       0 0 0
Adsorbate-atom-fixed:    101 0       0 0 0
Adsorbate-atom-fixed:    102 0       0 0 0
Adsorbate-atom-fixed:    103 0       0 0 0
Adsorbate-atom-fixed:    104 0       0 0 0
Adsorbate-atom-fixed:    105 0       0 0 0
Adsorbate-atom-fixed:    106 0       0 0 0
Adsorbate-atom-fixed:    107 0       0 0 0
Adsorbate-atom-fixed:    108 0       0 0 0
Adsorbate-atom-fixed:    109 0       0 0 0
Adsorbate-atom-fixed:    110 0       0 0 0
Adsorbate-atom-fixed:    111 0       0 0 0
Adsorbate-atom-fixed:    112 0       0 0 0
Adsorbate-atom-fixed:    113 0       0 0 0
Adsorbate-atom-fixed:    114 0       0 0 0
Adsorbate-atom-fixed:    115 0       0 0 0
Adsorbate-atom-fixed:    116 0       0 0 0
Adsorbate-atom-fixed:    117 0       0 0 0
Adsorbate-atom-fixed:    118 0       0 0 0
Adsorbate-atom-fixed:    119 0       0 0 0
Adsorbate-atom-fixed:    120 0       0 0 0
Adsorbate-atom-fixed:    121 0       0 0 0
Adsorbate-atom-fixed:    122 0       0 0 0
Adsorbate-atom-fixed:    123 0       0 0 0
Adsorbate-atom-fixed:    124 0       0 0 0
Adsorbate-atom-fixed:    125 0       0 0 0
Adsorbate-atom-fixed:    126 0       0 0 0
Adsorbate-atom-fixed:    127 0       0 0 0
Adsorbate-atom-fixed:    128 0       0 0 0
Adsorbate-atom-fixed:    129 0       0 0 0
Adsorbate-atom-fixed:    130 0       0 0 0
Adsorbate-atom-fixed:    131 0       0 0 0
Adsorbate-atom-fixed:    132 0       0 0 0
Adsorbate-atom-fixed:    133 0       0 0 0
Adsorbate-atom-fixed:    134 0       0 0 0
Adsorbate-atom-fixed:    135 0       0 0 0
Adsorbate-atom-fixed:    136 0       0 0 0
Adsorbate-atom-fixed:    137 0       0 0 0
Adsorbate-atom-fixed:    138 0       0 0 0
Adsorbate-atom-fixed:    139 0       0 0 0
Adsorbate-atom-fixed:    140 0       0 0 0
Adsorbate-atom-fixed:    141 0       0 0 0
Adsorbate-atom-fixed:    142 0       0 0 0
Adsorbate-atom-fixed:    143 0       0 0 0
Adsorbate-atom-fixed:    144 0       0 0 0
Adsorbate-atom-fixed:    145 0       0 0 0
Adsorbate-atom-fixed:    146 0       0 0 0
Adsorbate-atom-fixed:    147 0       0 0 0
Adsorbate-atom-fixed:    148 0       0 0 0
Adsorbate-atom-fixed:    149 0       0 0 0
Adsorbate-atom-fixed:    150 0       0 0 0
Adsorbate-atom-fixed:    151 0       0 0 0
Adsorbate-atom-fixed:    152 0       0 0 0
Adsorbate-atom-fixed:    153 0       0 0 0
Adsorbate-atom-fixed:    154 0       0 0 0
Adsorbate-atom-fixed:    155 0       0 0 0
Adsorbate-atom-fixed:    156 0       0 0 0
Adsorbate-atom-fixed:    157 0       0 0 0
Adsorbate-atom-fixed:    158 0       0 0 0
Adsorbate-atom-fixed:    159 0       0 0 0
Adsorbate-atom-fixed:    160 0       0 0 0
Adsorbate-atom-fixed:    161 0       0 0 0
Adsorbate-atom-fixed:    162 0       0 0 0
Adsorbate-atom-fixed:    163 0       0 0 0
Adsorbate-atom-fixed:    164 0       0 0 0
Adsorbate-atom-fixed:    165 0       0 0 0
Adsorbate-atom-fixed:    166 0       0 0 0
Adsorbate-atom-fixed:    167 0       0 0 0
Adsorbate-atom-fixed:    168 0       0 0 0
Adsorbate-atom-fixed:    169 0       0 0 0
Adsorbate-atom-fixed:    170 0       0 0 0
Adsorbate-atom-fixed:    171 0       0 0 0
Adsorbate-atom-fixed:    172 0       0 0 0
Adsorbate-atom-fixed:    173 0       0 0 0
Adsorbate-atom-fixed:    174 0       0 0 0
Adsorbate-atom-fixed:    175 0       0 0 0
Adsorbate-atom-fixed:    176 0       0 0 0
Adsorbate-atom-fixed:    177 0       0 0 0
Adsorbate-atom-fixed:    178 0       0 0 0
Adsorbate-atom-fixed:    179 0       0 0 0
Adsorbate-atom-fixed:    180 0       0 0 0
Adsorbate-atom-fixed:    181 0       0 0 0
Adsorbate-atom-fixed:    182 0       0 0 0
Adsorbate-atom-fixed:    183 0       0 0 0
Adsorbate-atom-fixed:    184 0       0 0 0
Adsorbate-atom-fixed:    185 0       0 0 0
Adsorbate-atom-fixed:    186 0       0 0 0
Adsorbate-atom-fixed:    187 0       0 0 0
Adsorbate-atom-fixed:    188 0       0 0 0
Adsorbate-atom-fixed:    189 0       0 0 0
Adsorbate-atom-fixed:    190 0       0 0 0
Adsorbate-atom-fixed:    191 0       0 0 0
Adsorbate-atom-fixed:    192 0       0 0 0
Adsorbate-atom-fixed:    193 0       0 0 0
Adsorbate-atom-fixed:    194 0       0 0 0
Adsorbate-atom-fixed:    195 0       0 0 0
Adsorbate-atom-fixed:    196 0       0 0 0
Adsorbate-atom-fixed:    197 0       0 0 0
Adsorbate-atom-fixed:    198 0       0 0 0
Adsorbate-atom-fixed:    199 0       0 0 0
Adsorbate-atom-fixed:    200 0       0 0 0
Adsorbate-atom-fixed:    201 0       0 0 0
Adsorbate-atom-fixed:    202 0       0 0 0
Adsorbate-atom-fixed:    203 0       0 0 0
Adsorbate-atom-fixed:    204 0       0 0 0
Adsorbate-atom-fixed:    205 0       0 0 0
Adsorbate-atom-fixed:    206 0       0 0 0
Adsorbate-atom-fixed:    207 0       0 0 0
Adsorbate-atom-fixed:    208 0       0 0 0
Adsorbate-atom-fixed:    209 0       0 0 0
Adsorbate-atom-fixed:    210 0       0 0 0
Adsorbate-atom-fixed:    211 0       0 0 0
Adsorbate-atom-fixed:    212 0       0 0 0
Adsorbate-atom-fixed:    213 0       0 0 0
Adsorbate-atom-fixed:    214 0       0 0 0
Adsorbate-atom-fixed:    215 0       0 0 0
Adsorbate-atom-fixed:    216 0       0 0 0
Adsorbate-atom-fixed:    217 0       0 0 0
Adsorbate-atom-fixed:    218 0       0 0 0
Adsorbate-atom-fixed:    219 0       0 0 0
Adsorbate-atom-fixed:    220 0       0 0 0
Adsorbate-atom-fixed:    221 0       0 0 0
Adsorbate-atom-fixed:    222 0       0 0 0
Adsorbate-atom-fixed:    223 0       0 0 0
Adsorbate-atom-fixed:    224 0       0 0 0
Adsorbate-atom-fixed:    225 0       0 0 0
Adsorbate-atom-fixed:    226 0       0 0 0
Adsorbate-atom-fixed:    227 0       0 0 0
Adsorbate-atom-fixed:    228 0       0 0 0
Adsorbate-atom-fixed:    229 0       0 0 0
Adsorbate-atom-fixed:    230 0       0 0 0
Adsorbate-atom-fixed:    231 0       0 0 0
Adsorbate-atom-fixed:    232 0       0 0 0
Adsorbate-atom-fixed:    233 0       0 0 0
Adsorbate-atom-fixed:    234 0       0 0 0
Adsorbate-atom-fixed:    235 0       0 0 0
Adsorbate-atom-fixed:    236 0       0 0 0
Adsorbate-atom-fixed:    237 0       0 0 0
Adsorbate-atom-fixed:    238 0       0 0 0


