           2           1   1.77468570359777     
           3           1   1.11017200403066     
           4           3  0.870640506919781     
           5           1  0.987147844598063     
           6           5   1.40465103322259     
           7           6   1.45459261510860     
           8           7   1.36507208196717     
           9           8   1.37597955894006     
          10           5   1.31825638226482     
          10           9   1.43970984217960     
          11          10   1.03411718277407     
          12          11  0.982457130129876     
          13          11  0.957909493593630     
          14          11  0.961853632193635     
          15           8   1.05053935805423     
          16          15   1.37662642093238     
          17          16   1.43926040515252     
          18          17   1.31724931915945     
          19          18   1.40347350165113     
          20          15   1.36412550329619     
          20          19   1.45577319828725     
          21          20  0.963557345416879     
          22          19  0.962066199144420     
          23          18  0.989825696810685     
          24          23   1.77288789763820     
          25          23   1.10963138129607     
          26          25  0.870059579167734     
          27          17   1.03513386661856     
          28          27  0.982273175668463     
          29          27  0.964495835325236     
          30          27  0.954859882693697     
          31           7  0.963416504106741     
          32           6  0.962803361692241     
