           4           3   1.02965839767559     
           5           1  0.963435879982378     
           6           1  0.978771260659362     
           7           1  0.964130509002155     
           8           2  0.957646144923803     
           9           2  0.957761379580129     
          10           4  0.979651356784145     
          11           4  0.978323492068194     
          12           4  0.965709050646915     
          13           2  0.987319260361403     
          14           3   1.50566340117202     
          14          13   1.15981094378690     
          16          15   1.26992580397693     
          17           1   1.03385983463010     
          17          16   1.43129158687798     
          18          15   1.03033259274218     
          19           3   1.27155469639724     
          20          13   1.24697270684779     
          20          19   1.43017521232207     
          21          20   1.03443119637636     
          22          16   1.06586128867058     
          23          22   1.37316133630371     
          24          23   1.46575086141947     
          25          24   1.38430163273264     
          26          25   1.37619713044643     
          27          22   1.37342162072792     
          27          26   1.47171282314784     
          28          25   1.00100215851963     
          29          19   1.06560963227380     
          30          29   1.37560794675356     
          31          30   1.46458239299058     
          32          31   1.38537856187463     
          33          32   1.37618843029087     
          34          29   1.37182847239010     
          34          33   1.47195067419863     
          35          32   1.00003634625460     
          36          18  0.964993054238381     
          37          21  0.963511761188427     
          38          21  0.963715916157550     
          39          21  0.978265575244871     
          40          23  0.968705472670413     
          41          24  0.959614340627794     
          42          26  0.965185308485638     
          43          27  0.967407172716010     
          44          30  0.968121722110144     
          45          31  0.960223368720118     
          46          33  0.965313299009891     
          47          34  0.967767820815036     
          48           2  0.987141184312652     
          48          17   1.24650462305050     
          49          15   1.50679352269644     
          49          48   1.16001661332057     
          50          28   1.76170391856228     
          51          35   1.10627002918239     
          52          35   1.76257927650035     
          53          18  0.978086817892695     
          54          18  0.979466751206053     
          55          28   1.10605990311723     
          56          51  0.868204285645158     
          57          55  0.867844568752105     
