0.001 1.33966e-05 4.42684e-06 4.49206e-06 4.47773e-06 (count: 4.995e+06)
0.002 5.35852e-05 1.77069e-05 1.79678e-05 1.79105e-05 (count: 4.995e+06)
0.003 0.000120562 3.98387e-05 4.04262e-05 4.0297e-05 (count: 4.995e+06)
0.004 0.00021432 7.08199e-05 7.1865e-05 7.1635e-05 (count: 4.995e+06)
0.005 0.00033485 0.000110647 0.000112282 0.000111921 (count: 4.995e+06)
0.006 0.000482141 0.000159316 0.000161672 0.000161152 (count: 4.995e+06)
0.007 0.000656178 0.000216822 0.000220033 0.000219323 (count: 4.99499e+06)
0.008 0.000856945 0.000283159 0.000287358 0.000286428 (count: 4.99499e+06)
0.009 0.00108442 0.000358319 0.000363642 0.00036246 (count: 4.99499e+06)
0.01 0.00133858 0.000442294 0.000448877 0.000447413 (count: 4.99499e+06)
0.011 0.00161941 0.000535077 0.000543057 0.000541277 (count: 4.99499e+06)
0.012 0.00192687 0.000636656 0.000646174 0.000644044 (count: 4.99499e+06)
0.013 0.00226094 0.000747021 0.000758217 0.000755704 (count: 4.99499e+06)
0.014 0.00262158 0.000866161 0.000879177 0.000876246 (count: 4.99499e+06)
0.015 0.00300877 0.000994063 0.00100904 0.00100566 (count: 4.99499e+06)
0.016 0.00342245 0.00113071 0.00114781 0.00114393 (count: 4.99498e+06)
0.017 0.00386259 0.0012761 0.00129545 0.00129104 (count: 4.99498e+06)
0.018 0.00432916 0.0014302 0.00145197 0.00144699 (count: 4.99498e+06)
0.019 0.0048221 0.00159301 0.00161734 0.00161175 (count: 4.99498e+06)
0.02 0.00534136 0.0017645 0.00179155 0.00178531 (count: 4.99498e+06)
0.021 0.00588691 0.00194466 0.0019746 0.00196765 (count: 4.99498e+06)
0.022 0.00645868 0.00213347 0.00216645 0.00215876 (count: 4.99498e+06)
0.023 0.00705663 0.00233091 0.0023671 0.00235862 (count: 4.99498e+06)
0.024 0.00768069 0.00253696 0.00257652 0.0025672 (count: 4.99498e+06)
0.025 0.00833084 0.00275162 0.00279472 0.0027845 (count: 199799)
0.05 0.0328348 0.0108306 0.0110302 0.0109741 (count: 199798)
0.075 0.0721482 0.023747 0.0242929 0.0241084 (count: 199797)
0.1 0.124261 0.0407831 0.0419774 0.0415008 (count: 199796)
0.125 0.186782 0.0610922 0.0633707 0.062319 (count: 199795)
0.15 0.25718 0.0837888 0.087731 0.0856598 (count: 199794)
0.175 0.332988 0.108021 0.114355 0.110612 (count: 199793)
0.2 0.411959 0.133025 0.142626 0.136308 (count: 199792)
0.225 0.49216 0.158157 0.172047 0.161956 (count: 199791)
0.25 0.572042 0.182914 0.202252 0.186875 (count: 199790)
0.275 0.650457 0.206941 0.233005 0.210511 (count: 199789)
0.3 0.726657 0.230026 0.264186 0.232445 (count: 199788)
0.325 0.800256 0.252086 0.29577 0.2524 (count: 199787)
0.35 0.871184 0.27315 0.327803 0.270231 (count: 199786)
0.375 0.939619 0.293334 0.36037 0.285915 (count: 199785)
0.4 1.00592 0.312814 0.393575 0.299534 (count: 199784)
0.425 1.07058 0.331804 0.427517 0.311255 (count: 199783)
0.45 1.1341 0.350527 0.46227 0.321306 (count: 199782)
0.475 1.19703 0.3692 0.497876 0.329956 (count: 199781)
0.5 1.25984 0.388008 0.534335 0.337493 (count: 199780)
0.525 1.32291 0.407098 0.571608 0.344208 (count: 199779)
0.55 1.38655 0.426565 0.609617 0.350373 (count: 199778)
0.575 1.45094 0.446451 0.648255 0.356235 (count: 199777)
0.6 1.51614 0.466748 0.687394 0.362003 (count: 199776)
0.625 1.58109 0.492237 0.724451 0.364402 (count: 7991)
1.25 3.06334 0.907956 1.61918 0.536204 (count: 7990)
1.875 3.95263 1.16219 2.17989 0.610549 (count: 7989)
2.5 4.56938 1.36448 2.56023 0.64467 (count: 7988)
3.125 5.095 1.52013 2.90727 0.667606 (count: 7987)
3.75 5.60279 1.68392 3.21958 0.699286 (count: 7986)
4.375 6.08664 1.84463 3.50957 0.732434 (count: 7985)
5 6.53532 1.99321 3.78997 0.752146 (count: 7984)
5.625 7.00675 2.1454 4.07727 0.784082 (count: 7983)
6.25 7.45421 2.27454 4.36686 0.812817 (count: 7982)
6.875 7.8875 2.40696 4.64269 0.837852 (count: 7981)
7.5 8.26291 2.52567 4.87248 0.864755 (count: 7980)
8.125 8.60136 2.64439 5.07418 0.882795 (count: 7979)
8.75 8.96363 2.76289 5.30399 0.896748 (count: 7978)
9.375 9.34023 2.87351 5.55494 0.911777 (count: 7977)
10 9.74377 2.99171 5.82203 0.930038 (count: 7976)
10.625 10.1428 3.10728 6.0706 0.96493 (count: 7975)
11.25 10.5054 3.2185 6.30306 0.983863 (count: 7974)
11.875 10.8625 3.31393 6.55253 0.996047 (count: 7973)
12.5 11.2088 3.39128 6.81354 1.00395 (count: 7972)
13.125 11.5675 3.45772 7.08374 1.02607 (count: 7971)
13.75 11.9466 3.54652 7.36097 1.03909 (count: 7970)
14.375 12.3496 3.64788 7.63837 1.0633 (count: 7969)
15 12.7108 3.7235 7.91042 1.07692 (count: 7968)
15.625 13.9046 4.00883 8.83284 1.06299 (count: 318)
31.25 21.181 5.2461 14.5606 1.37437 (count: 317)
46.875 27.2851 6.5537 19.1217 1.60965 (count: 316)
62.5 33.8443 6.91595 25.144 1.78438 (count: 315)
78.125 39.7578 7.22845 30.4908 2.03861 (count: 314)
93.75 44.3998 7.2878 34.928 2.18405 (count: 313)
109.375 51.2663 7.45619 41.5488 2.26123 (count: 312)
125 58.3181 7.7371 48.2867 2.2943 (count: 311)
140.625 64.2901 7.82878 54.076 2.38525 (count: 310)
156.25 71.1958 8.68437 60.0382 2.4732 (count: 309)
171.875 78.3547 9.39948 66.3035 2.65165 (count: 308)
187.5 84.163 10.2052 71.2366 2.72119 (count: 307)
203.125 89.7492 10.3531 76.6227 2.77338 (count: 306)
218.75 95.0546 10.4873 81.5316 3.03572 (count: 305)
234.375 99.8071 10.3226 86.4152 3.06939 (count: 304)
250 104.663 10.5383 90.9026 3.2217 (count: 303)
265.625 109.862 10.6213 96.0686 3.1725 (count: 302)
281.25 114.794 11.3691 100.117 3.30803 (count: 301)
296.875 121.174 11.4201 106.519 3.23533 (count: 300)
312.5 125.756 10.6085 111.959 3.18838 (count: 299)
328.125 131.923 10.5388 118.275 3.10912 (count: 298)
343.75 135.496 10.0835 122.273 3.13997 (count: 297)
359.375 140.333 9.73345 127.48 3.11983 (count: 296)
375 147.263 9.5441 134.589 3.12956 (count: 295)
390.625 140.946 10.3762 127.493 3.07655 (count: 11)
781.25 332.56 10.482 318.773 3.3059 (count: 10)
1171.88 697.793 15.2423 680.266 2.28496 (count: 9)
1562.5 1177.5 4.89905 1169.39 3.2134 (count: 8)
1953.12 1726.07 7.09386 1713.78 5.19609 (count: 7)
2343.75 2309.14 3.12178 2301.41 4.6074 (count: 6)
2734.38 3053.23 18.7159 3030.22 4.29245 (count: 5)
3125 3911.21 10.897 3893.1 7.21595 (count: 4)
3515.62 4517.75 11.0295 4502.16 4.55355 (count: 3)
3906.25 5695.11 0.41543 5690.9 3.79262 (count: 2)
4296.88 6202.99 35.4593 6158.13 9.40104 (count: 1)
