0.001 1.3343e-05 4.45524e-06 4.44651e-06 4.4413e-06 (count: 9.99e+07)
0.002 5.33708e-05 1.78204e-05 1.77856e-05 1.77648e-05 (count: 9.99e+07)
0.003 0.000120079 4.0094e-05 4.0016e-05 3.9969e-05 (count: 9.99e+07)
0.004 0.000213461 7.12732e-05 7.11355e-05 7.10518e-05 (count: 9.98999e+07)
0.005 0.000333506 0.000111355 0.000111141 0.00011101 (count: 9.98999e+07)
0.006 0.000480202 0.000160333 0.000160029 0.00015984 (count: 9.98999e+07)
0.007 0.000653533 0.000218203 0.000217794 0.000217536 (count: 9.98999e+07)
0.008 0.000853481 0.000284958 0.000284431 0.000284093 (count: 9.98999e+07)
0.009 0.00108003 0.00036059 0.000359933 0.000359504 (count: 9.98998e+07)
0.01 0.00133314 0.000445089 0.000444293 0.000443761 (count: 9.98998e+07)
0.011 0.00161281 0.000538446 0.000537503 0.000536856 (count: 9.98998e+07)
0.012 0.00191898 0.000640651 0.000639553 0.00063878 (count: 9.98998e+07)
0.013 0.00225165 0.00075169 0.000750435 0.000749522 (count: 9.98998e+07)
0.014 0.00261076 0.000871551 0.000870136 0.000869071 (count: 9.98997e+07)
0.015 0.00299628 0.00100022 0.000998646 0.000997417 (count: 9.98997e+07)
0.016 0.00340818 0.00113768 0.00113595 0.00113454 (count: 9.98997e+07)
0.017 0.0038464 0.00128392 0.00128204 0.00128044 (count: 9.98997e+07)
0.018 0.00431091 0.00143892 0.0014369 0.00143509 (count: 9.98997e+07)
0.019 0.00480166 0.00160266 0.00160051 0.00159848 (count: 9.98996e+07)
0.02 0.00531858 0.00177512 0.00177286 0.0017706 (count: 9.98996e+07)
0.021 0.00586164 0.00195629 0.00195394 0.00195142 (count: 9.98996e+07)
0.022 0.00643078 0.00214614 0.00214371 0.00214092 (count: 9.98996e+07)
0.023 0.00702593 0.00234465 0.00234218 0.0023391 (count: 9.98996e+07)
0.024 0.00764704 0.0025518 0.00254931 0.00254593 (count: 9.98995e+07)
0.025 0.00829405 0.00276755 0.0027651 0.00276139 (count: 3.99598e+06)
0.05 0.0326507 0.0108739 0.0108988 0.0108779 (count: 3.99596e+06)
0.075 0.0716094 0.0237753 0.0239539 0.0238803 (count: 3.99594e+06)
0.1 0.123033 0.0406815 0.0412796 0.0410715 (count: 3.99592e+06)
0.125 0.184396 0.0606702 0.062114 0.0616113 (count: 3.9959e+06)
0.15 0.253053 0.0827896 0.0856689 0.0845941 (count: 3.99588e+06)
0.175 0.32645 0.106139 0.111198 0.109112 (count: 3.99586e+06)
0.2 0.402281 0.129926 0.138048 0.134307 (count: 3.99584e+06)
0.225 0.478589 0.153501 0.165688 0.1594 (count: 3.99582e+06)
0.25 0.553819 0.176372 0.193719 0.183729 (count: 3.9958e+06)
0.275 0.626837 0.198209 0.221873 0.206754 (count: 3.99578e+06)
0.3 0.696914 0.218837 0.250002 0.228075 (count: 3.99576e+06)
0.325 0.763691 0.238211 0.278052 0.247427 (count: 3.99574e+06)
0.35 0.827116 0.256399 0.306041 0.264676 (count: 3.99572e+06)
0.375 0.887386 0.273551 0.334029 0.279806 (count: 3.9957e+06)
0.4 0.944875 0.289871 0.362101 0.292903 (count: 3.99568e+06)
0.425 1.00007 0.305594 0.390339 0.304132 (count: 3.99566e+06)
0.45 1.05349 0.320958 0.418811 0.313719 (count: 3.99564e+06)
0.475 1.10567 0.336182 0.44756 0.321926 (count: 3.99562e+06)
0.5 1.15709 0.351453 0.476598 0.329035 (count: 3.9956e+06)
0.525 1.20814 0.366912 0.505903 0.335325 (count: 3.99558e+06)
0.55 1.25913 0.382645 0.535426 0.341063 (count: 3.99556e+06)
0.575 1.31026 0.398684 0.56509 0.346487 (count: 3.99554e+06)
0.6 1.36161 0.415008 0.594801 0.351799 (count: 3.99552e+06)
0.625 1.41057 0.430933 0.623386 0.356249 (count: 159820)
1.25 2.44608 0.71976 1.22652 0.499803 (count: 159800)
1.875 2.99606 0.880469 1.54473 0.570864 (count: 159780)
2.5 3.3812 1.01447 1.75212 0.614611 (count: 159760)
3.125 3.69538 1.10639 1.94269 0.6463 (count: 159740)
3.75 4.00223 1.19866 2.12786 0.675711 (count: 159720)
4.375 4.29465 1.28805 2.30514 0.701459 (count: 159700)
5 4.55967 1.36993 2.4664 0.723345 (count: 159680)
5.625 4.81628 1.45434 2.61953 0.742407 (count: 159660)
6.25 5.06454 1.53282 2.76941 0.762306 (count: 159640)
6.875 5.30338 1.60645 2.91601 0.780913 (count: 159620)
7.5 5.53364 1.67712 3.05804 0.798486 (count: 159600)
8.125 5.75129 1.74409 3.19311 0.81409 (count: 159580)
8.75 5.96469 1.80727 3.32666 0.830767 (count: 159560)
9.375 6.17826 1.87014 3.46112 0.847 (count: 159540)
10 6.38516 1.93207 3.59029 0.862792 (count: 159520)
10.625 6.58525 1.99383 3.71144 0.879979 (count: 159500)
11.25 6.78202 2.05381 3.83364 0.894574 (count: 159480)
11.875 6.97684 2.11263 3.95839 0.905819 (count: 159460)
12.5 7.17037 2.17264 4.07911 0.918611 (count: 159440)
13.125 7.36923 2.23174 4.20296 0.934538 (count: 159420)
13.75 7.56817 2.2904 4.32797 0.949802 (count: 159400)
14.375 7.76645 2.35041 4.45226 0.96378 (count: 159380)
15 7.96012 2.40586 4.57734 0.976921 (count: 159360)
15.625 8.16362 2.48406 4.67779 1.00178 (count: 6360)
31.25 12.1197 3.60197 7.27259 1.24515 (count: 6340)
46.875 15.113 4.32684 9.35817 1.42796 (count: 6320)
62.5 17.9768 5.10313 11.2852 1.58847 (count: 6300)
78.125 20.3811 5.72138 12.9266 1.7332 (count: 6280)
93.75 23.0104 6.35669 14.8015 1.85217 (count: 6260)
109.375 25.4867 6.91068 16.5985 1.97753 (count: 6240)
125 28.0322 7.44274 18.5186 2.07089 (count: 6220)
140.625 30.0243 7.76854 20.1017 2.15402 (count: 6200)
156.25 32.6335 8.35663 22.0461 2.23076 (count: 6180)
171.875 34.9162 8.89042 23.7001 2.32563 (count: 6160)
187.5 36.9336 9.34504 25.1616 2.42694 (count: 6140)
203.125 39.0127 9.77326 26.7399 2.49952 (count: 6120)
218.75 41.1274 10.2232 28.3156 2.5886 (count: 6100)
234.375 43.0542 10.605 29.8007 2.64845 (count: 6080)
250 44.9558 11.0515 31.1804 2.72397 (count: 6060)
265.625 46.8438 11.4005 32.6046 2.83871 (count: 6040)
281.25 48.7011 11.6861 34.1017 2.91334 (count: 6020)
296.875 50.6735 11.9768 35.7007 2.99598 (count: 6000)
312.5 52.5252 12.1733 37.3031 3.04889 (count: 5980)
328.125 54.2207 12.3546 38.7541 3.11202 (count: 5960)
343.75 55.4341 12.4894 39.7802 3.16446 (count: 5940)
359.375 56.7547 12.5946 40.9424 3.21773 (count: 5920)
375 58.5702 12.8213 42.4266 3.32228 (count: 5900)
390.625 54.0717 11.2576 39.8744 2.93974 (count: 220)
781.25 114.153 19.5288 89.8182 4.806 (count: 200)
1171.88 147.928 20.6631 121.095 6.16923 (count: 180)
1562.5 174.01 22.689 144.164 7.15771 (count: 160)
1953.12 199.681 25.3614 166.379 7.94055 (count: 140)
2343.75 224.206 27.6705 187.748 8.78765 (count: 120)
2734.38 255.804 32.3513 213.132 10.3212 (count: 100)
3125 308.616 35.6592 260.015 12.9419 (count: 80)
3515.62 354.949 34.8718 305.586 14.4913 (count: 60)
3906.25 445.254 23.6105 404.285 17.3585 (count: 40)
4296.88 486.733 21.8774 448.201 16.6542 (count: 20)
