#n-C4H10 TraPPE-UA model

 4 atoms
 3 bonds
 2 angles
 1 dihedrals

Coords

1     -13.2735698363      2.8156452613      0.3949014746                 
2    -12.6174136028      1.4576419537      0.1639507178                 
3   -13.1763604847      0.4030732472      1.1254906829                 
4  -12.5280820465     -0.9575334236      0.8878278651                 

Types

1 14
2 15
3 15
4 14

Charges

1 0
2 0
3 0
4 0

Bonds

1  18  1  2
2  18  2  3
3  18  3  4

Angles

1  30  1  2  3
2  30  2  3  4

Dihedrals

1 49  1  2  3  4

