Cell info:
========================================================================
number-of-unit-cells: 1 1 1
unit-cell-vector-a:    46.723700000000     0.000000000000     0.000000000000
unit-cell-vector-b:     0.000000000000    46.723700000000     0.000000000000
unit-cell-vector-c:     0.000000000000     0.000000000000    46.723700000000

cell-vector-a:    46.723700000000     0.000000000000     0.000000000000
cell-vector-b:     0.000000000000    46.723700000000     0.000000000000
cell-vector-c:     0.000000000000     0.000000000000    46.723700000000

cell-lengths:    46.723700000000    46.723700000000    46.723700000000
cell-angles:    90.000000000000    90.000000000000    90.000000000000


Maximum changes for MC-moves:
========================================================================
Maximum-volume-change: 0.000500
Maximum-Gibbs-volume-change: 0.000500
Maximum-box-shape-change: 0.100000 0.100000 0.100000, 0.100000 0.100000 0.100000, 0.100000 0.100000 0.100000


Acceptance targets for MC-moves:
========================================================================
Target-volume-change: 0.500000
Target-box-shape-change: 0.500000
Target-Gibbs-volume-change: 0.500000


Components: 1 (Adsorbates 201, Cations 0)
========================================================================
	Maximum-translation-change component 0: 0.768197,0.763219,0.758940
	Maximum-translation-in-plane-change component 0: 0.000000,0.000000,0.000000
	Maximum-rotation-change component 0: 0.017453 0.017453 0.017453

Reactions: 0

Component: 0     Adsorbate    201 molecules of methane
------------------------------------------------------------------------
Adsorbate-atom-position: 0 0    24.322371012587    22.638853887915    43.449363248394
Adsorbate-atom-position: 1 0    26.991431251532    43.495204416739    13.090769775064
Adsorbate-atom-position: 2 0    42.831555689314    44.589662903487     3.197542226815
Adsorbate-atom-position: 3 0    29.305589774600    26.627763686981    43.372867882134
Adsorbate-atom-position: 4 0    31.851721039700     3.625573053414    19.538207944587
Adsorbate-atom-position: 5 0    43.693484691130    29.171592043932    26.500376792291
Adsorbate-atom-position: 6 0    27.178958684636    14.836009475435    42.817284986540
Adsorbate-atom-position: 7 0     3.003780792888     4.936319925184    43.435175879004
Adsorbate-atom-position: 8 0    19.072259189081    39.277694456168    19.688874583447
Adsorbate-atom-position: 9 0    42.983068928217     6.319491437448    39.896701575964
Adsorbate-atom-position: 10 0    15.066759490767    43.124828740809    27.684198172669
Adsorbate-atom-position: 11 0    19.748643476315    29.810552798732     3.410273404425
Adsorbate-atom-position: 12 0    19.032474810542    16.880493974690    42.962036035484
Adsorbate-atom-position: 13 0     3.417293909670     6.537806637819     3.579671026083
Adsorbate-atom-position: 14 0    19.301559473151    40.134206409787    31.587641755501
Adsorbate-atom-position: 15 0    19.620246831451    22.631257230284     1.788853898204
Adsorbate-atom-position: 16 0    27.360418160204    38.622902878592    27.052001844961
Adsorbate-atom-position: 17 0    20.560387722732    24.182896986562    43.166760572403
Adsorbate-atom-position: 18 0    21.875517039047     3.701276902041    21.377509296767
Adsorbate-atom-position: 19 0    19.735026642338    40.973640449404    26.485629124088
Adsorbate-atom-position: 20 0     3.692435932847    35.903714658735    43.551727855601
Adsorbate-atom-position: 21 0    42.881558852263    36.272044720729    42.575303508136
Adsorbate-atom-position: 22 0    30.174788325553    27.117788582417     8.070729651023
Adsorbate-atom-position: 23 0    19.913293926380     6.602235601789    19.534890219776
Adsorbate-atom-position: 24 0    15.235810367189    19.734225129528     3.760652526865
Adsorbate-atom-position: 25 0     3.632870121068    27.171394592055    15.543254417763
Adsorbate-atom-position: 26 0    26.707070211966     3.169502788903    17.647744654694
Adsorbate-atom-position: 27 0    42.774877305179     0.914561697722     1.087019267805
Adsorbate-atom-position: 28 0    39.272869185589    18.331922754282    19.564957865136
Adsorbate-atom-position: 29 0     0.357407697327     2.035862759551    43.613871573825
Adsorbate-atom-position: 30 0    19.671749503833    41.812580039584    16.498504867893
Adsorbate-atom-position: 31 0    21.748823572759    25.518923595985     3.902553141544
Adsorbate-atom-position: 32 0    40.865286727780    26.545783703976    26.651942084279
Adsorbate-atom-position: 33 0    43.569556081139    28.980801068883    20.070521563263
Adsorbate-atom-position: 34 0     6.797186915959    27.281637595448    31.033365082214
Adsorbate-atom-position: 35 0     2.541116732838     2.622659478151     4.639615274036
Adsorbate-atom-position: 36 0    26.984955044701    24.393514594043    -0.571501276147
Adsorbate-atom-position: 37 0    46.495147387609     0.138182851750     2.709779415910
Adsorbate-atom-position: 38 0    39.829715616972    19.725690333847    26.788104133541
Adsorbate-atom-position: 39 0     4.444768950710    43.093712719048    39.959256225471
Adsorbate-atom-position: 40 0    19.635012254979    36.732855140777    26.988544411721
Adsorbate-atom-position: 41 0    26.753311134142     6.693428083990    16.058362565434
Adsorbate-atom-position: 42 0    14.843538797139     3.630918295199    19.763299097354
Adsorbate-atom-position: 43 0     0.602878117152    14.894582417834     9.719223658123
Adsorbate-atom-position: 44 0    27.451991838227    39.992512081450    19.624782490913
Adsorbate-atom-position: 45 0    13.122008717019    42.787437536443    19.595745611057
Adsorbate-atom-position: 46 0    42.887301582463    26.769529947193    15.614761240792
Adsorbate-atom-position: 47 0    28.170423565436    20.270810827702     3.761309706554
Adsorbate-atom-position: 48 0    26.888633239839    27.176213670591    39.707484532065
Adsorbate-atom-position: 49 0     6.993305048797    43.365126630537    43.293907640560
Adsorbate-atom-position: 50 0    20.725938637074     1.235585000384    26.959008652676
Adsorbate-atom-position: 51 0    30.112182569123    42.641287374986    19.740166351011
Adsorbate-atom-position: 52 0    26.724361081948    29.923972286699     6.932842180915
Adsorbate-atom-position: 53 0     6.158242712606    30.790305664254    27.105773830391
Adsorbate-atom-position: 54 0    27.396205283862    45.501639541785    23.398822159002
Adsorbate-atom-position: 55 0    37.619627278610    27.108005943959    19.673342338137
Adsorbate-atom-position: 56 0    27.660797851199    19.490367448908     7.627178994806
Adsorbate-atom-position: 57 0     3.048929958037    45.898276802373    45.253468616710
Adsorbate-atom-position: 58 0    29.704947742578    13.717722174590     3.767636800179
Adsorbate-atom-position: 59 0     4.210511725232     4.461025019211     8.304660082259
Adsorbate-atom-position: 60 0    32.798920376092    19.017650149939    42.922370892127
Adsorbate-atom-position: 61 0    26.586612211667    26.460353962406     5.653080634212
Adsorbate-atom-position: 62 0     3.873284574965     4.175254593260    39.140717692141
Adsorbate-atom-position: 63 0    16.133309264321    43.114206963063    16.393708168747
Adsorbate-atom-position: 64 0    19.514727595839    27.737781652942    38.652250481394
Adsorbate-atom-position: 65 0    43.158455002185     7.208258592974     3.455377916445
Adsorbate-atom-position: 66 0    16.350350733686    19.302345310838    38.767188617661
Adsorbate-atom-position: 67 0    21.264707382103    44.462916581510    19.024968242596
Adsorbate-atom-position: 68 0    27.836223347345     5.333062339306    31.102594913979
Adsorbate-atom-position: 69 0     3.607020964092    45.119051591941     3.519578607034
Adsorbate-atom-position: 70 0    20.203624428419    19.896535158026     4.835173298357
Adsorbate-atom-position: 71 0     3.266628857174    21.876370356450    26.886412671416
Adsorbate-atom-position: 72 0    45.082508106284    26.649033912131    22.951910310339
Adsorbate-atom-position: 73 0    14.974626545183    17.625139619298    43.100136342807
Adsorbate-atom-position: 74 0     2.599794083063    28.478054325015    20.178452829453
Adsorbate-atom-position: 75 0    43.378335096691    -0.239997118303    44.159195409897
Adsorbate-atom-position: 76 0    31.873096208596    42.920889884050    30.045868716515
Adsorbate-atom-position: 77 0    43.562210895107    17.374730991124    19.982688395523
Adsorbate-atom-position: 78 0    27.938111039962    11.264174505401    27.309418253636
Adsorbate-atom-position: 79 0    30.239161893066    31.289283206784    42.055182211418
Adsorbate-atom-position: 80 0    20.358872326475     5.773911254204    26.339313542966
Adsorbate-atom-position: 81 0    19.613848132115     8.803232585998    29.790370238573
Adsorbate-atom-position: 82 0    41.937859607476    40.146429562189    43.268304557778
Adsorbate-atom-position: 83 0    26.781059671376    33.918959656983    43.413131582516
Adsorbate-atom-position: 84 0    30.137885898198    42.797146136203    15.668731596177
Adsorbate-atom-position: 85 0    26.256690601417     5.971993686605    20.175122295557
Adsorbate-atom-position: 86 0    15.986789378533    39.369909186066    27.314059771811
Adsorbate-atom-position: 87 0    27.640456807844    18.451959533772    43.439942153208
Adsorbate-atom-position: 88 0    43.886550464063     2.717506904240     5.018383480224
Adsorbate-atom-position: 89 0    27.382051954258    40.171607915751    15.589826893455
Adsorbate-atom-position: 90 0    21.394029035730    43.050476912467    22.888906613250
Adsorbate-atom-position: 91 0    43.332942049164    43.305925291745    41.360476827959
Adsorbate-atom-position: 92 0     4.068532147907    19.723571084276    13.505930887427
Adsorbate-atom-position: 93 0    38.975517275524    42.377067736985     3.643844041043
Adsorbate-atom-position: 94 0    20.197554247779    25.944854686752    -0.175096390244
Adsorbate-atom-position: 95 0    24.404736238381     0.506454587191    19.785548208618
Adsorbate-atom-position: 96 0    19.577463779521     4.147461419276    30.384794993682
Adsorbate-atom-position: 97 0    31.348895195553    18.391644473461     3.528568506514
Adsorbate-atom-position: 98 0     3.946036344011    15.802371089977    30.134052145697
Adsorbate-atom-position: 99 0     4.658026679437    26.081380038892    26.024621365660
Adsorbate-atom-position: 100 0    43.423548272367    21.954154736260    26.298444302041
Adsorbate-atom-position: 101 0    19.948939784243     3.226839024097    17.584876614178
Adsorbate-atom-position: 102 0    44.040161150826    17.911015391341    26.473074494873
Adsorbate-atom-position: 103 0    43.269934536178     7.042666597573     7.385860897943
Adsorbate-atom-position: 104 0    17.723067985914    43.477784096749    20.373325115473
Adsorbate-atom-position: 105 0    19.985292348895    43.564325998192    29.228910495915
Adsorbate-atom-position: 106 0    19.713887918642    26.928303529057     7.272637209068
Adsorbate-atom-position: 107 0    20.117867461804    19.864673570175    40.867739838634
Adsorbate-atom-position: 108 0    44.722658652194    42.695209170265    46.159318359634
Adsorbate-atom-position: 109 0    41.008590219964     3.934296405368     8.971222088331
Adsorbate-atom-position: 110 0    24.502920790913    42.840676344125    21.336807651984
Adsorbate-atom-position: 111 0     3.353612486069    16.905355129706    20.243944282559
Adsorbate-atom-position: 112 0    26.584922326305    43.059804471617    29.322194317199
Adsorbate-atom-position: 113 0    42.602574062383     7.940469779089    43.149869350523
Adsorbate-atom-position: 114 0     6.496322846042    27.045638563242    19.565236713113
Adsorbate-atom-position: 115 0    25.569930946312    20.228849822919     0.231231782411
Adsorbate-atom-position: 116 0    26.069920608233    42.379120766873    25.521609324810
Adsorbate-atom-position: 117 0     3.424749424824    29.205567345544    30.935085981886
Adsorbate-atom-position: 118 0    26.895129128289    29.800450451252    43.484978597476
Adsorbate-atom-position: 119 0    38.471826587658    43.212255758462    42.799082968422
Adsorbate-atom-position: 120 0    17.391384012997     3.460545286752    27.310898749908
Adsorbate-atom-position: 121 0     3.322984548878    41.669902228369    43.640473065992
Adsorbate-atom-position: 122 0    23.280000713105    47.234009348941    23.423683190580
Adsorbate-atom-position: 123 0    46.310598024571     3.940644256518     1.617672793038
Adsorbate-atom-position: 124 0    41.271629122296    26.072355289417    20.199650350928
Adsorbate-atom-position: 125 0     7.935792518357    13.182958560368     1.375063406420
Adsorbate-atom-position: 126 0    19.526707488945    16.647154516575    38.424890581982
Adsorbate-atom-position: 127 0     6.081026237034     3.734685366754     3.360296178362
Adsorbate-atom-position: 128 0     3.385769187184     3.119484878985     0.563378361348
Adsorbate-atom-position: 129 0    40.091216686215     3.592152098238     4.165433791296
Adsorbate-atom-position: 130 0    42.691803013234    27.636172410470    30.117494223168
Adsorbate-atom-position: 131 0    26.761917768834    27.537531232642     9.972204562352
Adsorbate-atom-position: 132 0    33.211894332289    27.552469319825    42.765573547413
Adsorbate-atom-position: 133 0    27.941809876480     2.903286324072    27.770005351515
Adsorbate-atom-position: 134 0    29.786144816517    42.716864966179    26.821125341538
Adsorbate-atom-position: 135 0    27.287858157417    16.775416666678     5.300085418540
Adsorbate-atom-position: 136 0    16.875616745277    19.373650351105     7.714189328393
Adsorbate-atom-position: 137 0    27.084168647879    31.073196756858    40.004705350912
Adsorbate-atom-position: 138 0     3.705891018950    13.055920839233    27.259421867084
Adsorbate-atom-position: 139 0     6.975064224040     8.157183815130     3.839666775223
Adsorbate-atom-position: 140 0    38.999786842007    29.873296965757    27.613116043025
Adsorbate-atom-position: 141 0     7.630291998496    42.887331274170     3.546098871600
Adsorbate-atom-position: 142 0    18.915740346883    44.545601232762    25.585500103254
Adsorbate-atom-position: 143 0     4.709863214454    19.549634808257    30.697003977325
Adsorbate-atom-position: 144 0    42.948569201668    19.700397113991    16.355626435934
Adsorbate-atom-position: 145 0     6.440295208620    39.167903304887    43.049737385478
Adsorbate-atom-position: 146 0    42.569585307544    19.664836886049    30.271161127037
Adsorbate-atom-position: 147 0    18.252336883017    20.600397002724    44.019447634661
Adsorbate-atom-position: 148 0     3.264258901730    17.904904263984    26.471288509451
Adsorbate-atom-position: 149 0    17.162909611655    26.714599311086     3.610287682601
Adsorbate-atom-position: 150 0     3.795623283098    39.063010320664    39.719844412857
Adsorbate-atom-position: 151 0     4.211120615598    43.055786226544    35.862808892821
Adsorbate-atom-position: 152 0    21.777187951360    19.877183566078    45.703527885464
Adsorbate-atom-position: 153 0     3.836365145259    16.212813936395    15.577314603821
Adsorbate-atom-position: 154 0    19.567669167335    -0.145491227669    21.868492247170
Adsorbate-atom-position: 155 0    29.453186996624    27.184181795770     3.339199090132
Adsorbate-atom-position: 156 0     4.984805890720    37.765569522622     4.219135210525
Adsorbate-atom-position: 157 0    43.135563038328    42.747557104501     7.930347759990
Adsorbate-atom-position: 158 0     3.935345487215    42.556471057097     7.538550710631
Adsorbate-atom-position: 159 0    26.535184689762    43.623272540215    17.707640271635
Adsorbate-atom-position: 160 0     7.298593347703    19.427754509002    19.416304333641
Adsorbate-atom-position: 161 0    42.256417615464    32.737994442896    19.568253112472
Adsorbate-atom-position: 162 0     3.673928324487    20.223389895988    18.057180229562
Adsorbate-atom-position: 163 0    43.027439246340    42.969278760729    37.191121056343
Adsorbate-atom-position: 164 0    16.826100782693    27.660911817169    43.041098793633
Adsorbate-atom-position: 165 0    27.531328556832     2.239198042611    21.683912077274
Adsorbate-atom-position: 166 0    40.211864463331    29.500006644884    17.314954745115
Adsorbate-atom-position: 167 0    23.833868285634    27.052341029097    45.340318819952
Adsorbate-atom-position: 168 0     8.797740828435    26.929667114651    27.175409887986
Adsorbate-atom-position: 169 0    27.268042298221     6.292767710431    26.833895631535
Adsorbate-atom-position: 170 0     6.445046751724    15.412736982163    27.157504205315
Adsorbate-atom-position: 171 0    10.299664165467    26.706526481560    19.756730583886
Adsorbate-atom-position: 172 0    23.290038004506    45.129404772548    26.876962452325
Adsorbate-atom-position: 173 0    44.157104305379     4.504898464454    44.693772639101
Adsorbate-atom-position: 174 0    43.244562270992    22.548745372954    22.071041028601
Adsorbate-atom-position: 175 0     4.527341552543     9.147266689434    43.099229267792
Adsorbate-atom-position: 176 0    43.045688116652    32.785013387016    27.793172894943
Adsorbate-atom-position: 177 0     3.731288787672    30.558109024201    16.729812297474
Adsorbate-atom-position: 178 0    24.499700229948     3.757879769422    25.189969343326
Adsorbate-atom-position: 179 0     7.261348944332    19.854468209737    27.001692790375
Adsorbate-atom-position: 180 0    42.697890239486    39.033489862528     3.865953820274
Adsorbate-atom-position: 181 0    40.698479285483     3.609126542322    42.974217211272
Adsorbate-atom-position: 182 0    17.495176111803    16.448864041077     4.023167511812
Adsorbate-atom-position: 183 0    40.044001520108     3.947788125576    38.425094254636
Adsorbate-atom-position: 184 0    25.290002248108    23.317099724422     3.768144598074
Adsorbate-atom-position: 185 0    16.766656818731     7.815006896777    27.140117167336
Adsorbate-atom-position: 186 0     3.041621973811    41.058161272095     3.256035573559
Adsorbate-atom-position: 187 0    28.638667217366     9.132529277990    19.785670287954
Adsorbate-atom-position: 188 0     6.821803230366    30.719701105430    19.386026889469
Adsorbate-atom-position: 189 0     0.942902520819    24.865439177314    27.380747444058
Adsorbate-atom-position: 190 0    43.195830434882    14.230924866478    27.581731584724
Adsorbate-atom-position: 191 0    34.372616962077    26.805775316535     3.304267755356
Adsorbate-atom-position: 192 0    19.982017796369    31.075235256770    40.796533038019
Adsorbate-atom-position: 193 0    26.744043256716    34.206080807314     6.249709290441
Adsorbate-atom-position: 194 0    41.445794919341    34.972939183400     3.177389496424
Adsorbate-atom-position: 195 0     3.596052499077    34.379502483680    26.599782030564
Adsorbate-atom-position: 196 0    42.601907879737    15.411376777616    16.259125324143
Adsorbate-atom-position: 197 0    38.535190879615     6.709710363405    42.260350166415
Adsorbate-atom-position: 198 0    20.060965464354    12.032057157015    43.543460266387
Adsorbate-atom-position: 199 0    -0.126994192754    24.688230000283    19.444768928579
Adsorbate-atom-position: 200 0     2.542386414368    23.411705232790    23.299296813826
Adsorbate-atom-velocity: 0 0     0.119413904302     1.830933745317     5.846967944623
Adsorbate-atom-velocity: 1 0     3.299423845462     0.777275373469     0.961775337330
Adsorbate-atom-velocity: 2 0    -2.289057072698    -3.830004267989    -0.655271589125
Adsorbate-atom-velocity: 3 0    -3.436588736351    -1.900185195693     0.285801589329
Adsorbate-atom-velocity: 4 0    -3.407580793409     3.194017838717     0.894057496558
Adsorbate-atom-velocity: 5 0    -4.064260977498    -0.499660353799     0.160238317027
Adsorbate-atom-velocity: 6 0    -0.884771593266     0.278178176952     2.102780468691
Adsorbate-atom-velocity: 7 0    -0.919774034332    -0.481900038939    -0.915025171268
Adsorbate-atom-velocity: 8 0    -2.964336952537     1.516359176899    -0.009078531761
Adsorbate-atom-velocity: 9 0     3.921366441261     2.044437970534    -4.272958055190
Adsorbate-atom-velocity: 10 0     1.384030390365     2.141076793358    -1.105376135473
Adsorbate-atom-velocity: 11 0    -3.188895017209    -0.762061263089     2.824278370122
Adsorbate-atom-velocity: 12 0    -1.678768653803     0.774828997656     1.211132068616
Adsorbate-atom-velocity: 13 0     1.907292050610    -4.533534585034    -1.349400980238
Adsorbate-atom-velocity: 14 0    -2.001729827751     4.704666040577    -1.597741671080
Adsorbate-atom-velocity: 15 0    -0.585632961624     1.536587978274     3.512929906240
Adsorbate-atom-velocity: 16 0    -1.932740993732    -0.259932480335     2.317494139519
Adsorbate-atom-velocity: 17 0    -3.394375226334    -3.565466040064     0.855942529320
Adsorbate-atom-velocity: 18 0    -1.754951425266     4.880447543349     0.750857428222
Adsorbate-atom-velocity: 19 0    -0.958561369176     3.836234669958    -4.216218753317
Adsorbate-atom-velocity: 20 0     2.684566303945    -5.893549164970     1.304754537824
Adsorbate-atom-velocity: 21 0     0.685920853689     0.304716593107    -1.738499761709
Adsorbate-atom-velocity: 22 0    -1.540660977159     4.452633408745    -0.455734452248
Adsorbate-atom-velocity: 23 0     6.566022365474    -1.462525915663     0.314928123207
Adsorbate-atom-velocity: 24 0     0.195482837669     0.617017045377    -3.630087807703
Adsorbate-atom-velocity: 25 0    -3.296051604094    -3.720105137571     4.371468660868
Adsorbate-atom-velocity: 26 0     1.949991293621    -1.628179687181    -0.101720414650
Adsorbate-atom-velocity: 27 0    -0.019684792425    -1.228717954368    -3.560090469368
Adsorbate-atom-velocity: 28 0     1.937705920968    -3.075492191610    -0.553298778952
Adsorbate-atom-velocity: 29 0    -0.002553609366    -0.253357488383     2.084232237369
Adsorbate-atom-velocity: 30 0     0.687488345942     0.195668320080     6.560771921872
Adsorbate-atom-velocity: 31 0     0.475113725804    -0.775418071082     2.135539260608
Adsorbate-atom-velocity: 32 0     2.615711987104     1.363908680786     3.745124359735
Adsorbate-atom-velocity: 33 0     1.409539716518     1.581636021219     1.368741437197
Adsorbate-atom-velocity: 34 0    -4.437453534918    -3.256433298531    -1.133873124127
Adsorbate-atom-velocity: 35 0     0.189023371661    -0.333447049441    -0.055297056098
Adsorbate-atom-velocity: 36 0     1.170869383359    -0.639533077882     3.664284720367
Adsorbate-atom-velocity: 37 0     1.029043404662    -1.003554188590     1.331127423430
Adsorbate-atom-velocity: 38 0    -0.041638461980     3.032207593139    -2.086351908845
Adsorbate-atom-velocity: 39 0     4.946172698227    -0.640996386226    -3.535386716389
Adsorbate-atom-velocity: 40 0     1.601646462861     3.453163167946     4.281662190394
Adsorbate-atom-velocity: 41 0     3.176711163678     1.375029209315     4.618481239303
Adsorbate-atom-velocity: 42 0    -0.436980163336    -3.141621563226     3.636759094596
Adsorbate-atom-velocity: 43 0    -1.340309064678     3.211166546313     1.063872416304
Adsorbate-atom-velocity: 44 0     4.884215335648     3.061805425079    -1.537670380822
Adsorbate-atom-velocity: 45 0     1.448807428348    -2.056456881844    -4.926163019150
Adsorbate-atom-velocity: 46 0    -3.265399682795     1.632643209731     2.895490637130
Adsorbate-atom-velocity: 47 0    -0.350033397407     2.425846533896     3.860852900796
Adsorbate-atom-velocity: 48 0     2.073212504309     3.073625400504     1.604659886705
Adsorbate-atom-velocity: 49 0    -0.064970953357    -3.949496217674    -0.414973904078
Adsorbate-atom-velocity: 50 0     1.405080585283     1.548403071687     1.587277266023
Adsorbate-atom-velocity: 51 0    -0.699776895342     1.649238512556    -2.156977943981
Adsorbate-atom-velocity: 52 0     5.582696763118     0.109451351787    -1.905852883653
Adsorbate-atom-velocity: 53 0     1.436230015103     1.363033390314    -4.400333183615
Adsorbate-atom-velocity: 54 0     0.067127158768    -1.279351394175    -1.724277668943
Adsorbate-atom-velocity: 55 0     4.394143930368    -4.494582307794     1.606089301121
Adsorbate-atom-velocity: 56 0     2.796677599113    -0.388022267825     1.409380781609
Adsorbate-atom-velocity: 57 0    -2.683775824398     2.512223814948    -1.805451451285
Adsorbate-atom-velocity: 58 0    -0.129362796316    -2.662443127931    -3.755239834235
Adsorbate-atom-velocity: 59 0     1.298531551527    -0.113075275540    -1.122027346719
Adsorbate-atom-velocity: 60 0    -0.054277611707     1.576752633944     0.253382858433
Adsorbate-atom-velocity: 61 0    -0.075937192804     1.005743119824    -2.442946231909
Adsorbate-atom-velocity: 62 0    -1.813250020838     5.525886235036    -0.428829721230
Adsorbate-atom-velocity: 63 0    -3.153348147779     2.446509024168    -2.224190218513
Adsorbate-atom-velocity: 64 0    -0.679612725371    -1.916234800396    -4.249789011220
Adsorbate-atom-velocity: 65 0     1.350030556938    -0.938615970204    -0.211823642803
Adsorbate-atom-velocity: 66 0    -1.401416476700    -1.174707146885    -3.749710993685
Adsorbate-atom-velocity: 67 0    -0.573473289838    -3.422432007985    -3.495230628853
Adsorbate-atom-velocity: 68 0    -0.342319672508     0.722287539761     0.818892332496
Adsorbate-atom-velocity: 69 0     1.553434739228    -5.619833379699     2.075462308870
Adsorbate-atom-velocity: 70 0    -1.613776646191    -8.071934218745     4.088511045506
Adsorbate-atom-velocity: 71 0    -1.467076394226     3.864877633716    -0.649702792604
Adsorbate-atom-velocity: 72 0     1.246148295180     2.156663457649     2.575403196960
Adsorbate-atom-velocity: 73 0    -0.726344845583     0.972322706214     2.554665701846
Adsorbate-atom-velocity: 74 0     3.309644889660     3.569935487849     0.314722765941
Adsorbate-atom-velocity: 75 0     0.512381342269     0.982807013284    -0.466564530292
Adsorbate-atom-velocity: 76 0     1.257011158842    -0.579113923085    -0.353546010945
Adsorbate-atom-velocity: 77 0    -1.195391968180    -1.274455897987     2.033933061702
Adsorbate-atom-velocity: 78 0    -5.714972996930    -2.491976809307     1.850077086673
Adsorbate-atom-velocity: 79 0    -4.671631288261     1.124860491815    -1.191511013011
Adsorbate-atom-velocity: 80 0     0.015171514349     0.258439684849     3.914084499531
Adsorbate-atom-velocity: 81 0     1.478590718258     1.853588492378     2.234837631258
Adsorbate-atom-velocity: 82 0    -1.513491652503    -2.040506871296     4.171134186259
Adsorbate-atom-velocity: 83 0    -1.799636241388     1.523053315026     8.984567136734
Adsorbate-atom-velocity: 84 0     1.041741090059     0.256391991454     2.334440982320
Adsorbate-atom-velocity: 85 0    -2.145387264732     0.685861088771     2.330055394706
Adsorbate-atom-velocity: 86 0    -0.297317627831     4.154546617592     3.507386682282
Adsorbate-atom-velocity: 87 0     1.325663961570     3.305906386591    -0.698418833184
Adsorbate-atom-velocity: 88 0     0.895646294007     0.812201723410    -4.180391729593
Adsorbate-atom-velocity: 89 0    -0.641202039223    -2.181446051702     0.168938784447
Adsorbate-atom-velocity: 90 0     1.089252715785    -0.037499204382    -2.529608975053
Adsorbate-atom-velocity: 91 0     2.162119488213     0.403087611103     2.126417309783
Adsorbate-atom-velocity: 92 0     1.051670514746     5.278035322551     2.988703535810
Adsorbate-atom-velocity: 93 0     4.937248269126    -5.404744970751     1.168549815367
Adsorbate-atom-velocity: 94 0     0.345895370185     0.864570382443    -2.672438010690
Adsorbate-atom-velocity: 95 0    -2.570659290042    -1.265419848364    -1.233272247823
Adsorbate-atom-velocity: 96 0    -2.297366416397    -0.180119709515     1.641942715323
Adsorbate-atom-velocity: 97 0    -1.083433127367     4.899569073982     0.334136066691
Adsorbate-atom-velocity: 98 0     2.093449379275    -0.371815140397     0.543123539552
Adsorbate-atom-velocity: 99 0    -0.952205347548    -1.014736099016    -2.608896328039
Adsorbate-atom-velocity: 100 0     6.500328937219    -4.196730780031    -4.459689726197
Adsorbate-atom-velocity: 101 0    -1.961165103717    -6.047417292723     1.786636296479
Adsorbate-atom-velocity: 102 0    -0.066841780828     1.177641443129    -4.085046591972
Adsorbate-atom-velocity: 103 0     2.032166848512     3.434404651802     0.126555022499
Adsorbate-atom-velocity: 104 0     2.242131543137     0.731387823932    -3.178385428456
Adsorbate-atom-velocity: 105 0     1.631691680026     2.301415282509     1.857697231227
Adsorbate-atom-velocity: 106 0     3.677740246526     0.742733728851     3.118714698348
Adsorbate-atom-velocity: 107 0    -3.082466529658    -0.304100440307    -6.036481603816
Adsorbate-atom-velocity: 108 0    -1.957904478025    -0.520792955342     2.984304114979
Adsorbate-atom-velocity: 109 0     1.792569951113     0.118109358329     1.121657545422
Adsorbate-atom-velocity: 110 0     3.063084029974     3.475790515218    -1.188398491655
Adsorbate-atom-velocity: 111 0    -1.045596755258    -0.662375242062    -2.857202766638
Adsorbate-atom-velocity: 112 0     5.857226034013    -0.693783713650    -0.453331035751
Adsorbate-atom-velocity: 113 0    -1.246204715997     3.485371749427    -0.495393491400
Adsorbate-atom-velocity: 114 0     0.919640941595     2.631068595356     2.398924614793
Adsorbate-atom-velocity: 115 0     3.379541766034     1.306830603401     1.469287344150
Adsorbate-atom-velocity: 116 0     2.906316188805    -3.112118560287     0.329241209386
Adsorbate-atom-velocity: 117 0    -4.489760705058     1.511621394823     0.313124312988
Adsorbate-atom-velocity: 118 0    -3.350350353090     0.170336679464     1.742513013870
Adsorbate-atom-velocity: 119 0     2.681622568430    -6.546879492658    -3.276652787929
Adsorbate-atom-velocity: 120 0    -2.722867661501    -1.384254089764    -1.377073048134
Adsorbate-atom-velocity: 121 0    -1.714445933444    -0.607475391649     1.951435394951
Adsorbate-atom-velocity: 122 0    -3.620787112220    -4.821529937911    -0.068796198882
Adsorbate-atom-velocity: 123 0    -1.667212181633    -0.107812155746     0.152967699731
Adsorbate-atom-velocity: 124 0     1.047531048292     1.857166868441    -3.476990338232
Adsorbate-atom-velocity: 125 0    -1.858007680046     0.835581444186    -1.101448530654
Adsorbate-atom-velocity: 126 0    -1.838524834955     2.585597211325     0.584008859406
Adsorbate-atom-velocity: 127 0    -2.814030300153     2.073578037653     1.383826557786
Adsorbate-atom-velocity: 128 0    -2.065237105269     1.576167970518    -0.251013072939
Adsorbate-atom-velocity: 129 0    -4.190762737408    -3.032039357158     1.245101904511
Adsorbate-atom-velocity: 130 0     1.516574628791     0.073027721061    -1.364643423221
Adsorbate-atom-velocity: 131 0    -0.900887961672     0.644009252289    -1.809570678436
Adsorbate-atom-velocity: 132 0    -0.811494237996    -1.375758586531    -1.044565675877
Adsorbate-atom-velocity: 133 0    -0.127138494504    -1.179400522989     1.600066401367
Adsorbate-atom-velocity: 134 0     0.190044161740    -0.345070991683     0.875116382449
Adsorbate-atom-velocity: 135 0     1.338236416358    -2.790181671448     0.302856797203
Adsorbate-atom-velocity: 136 0     1.574727937794     3.044711337243     1.943262190958
Adsorbate-atom-velocity: 137 0    -0.777198876569    -1.135147632576    -3.293947530577
Adsorbate-atom-velocity: 138 0     0.936726426627     0.492160139676     2.075533959194
Adsorbate-atom-velocity: 139 0    -1.551002415732     0.606301319351    -0.932865573888
Adsorbate-atom-velocity: 140 0    -0.569709778933    -4.367484348215     3.729979162551
Adsorbate-atom-velocity: 141 0    -3.376306677492    -1.951636482778    -0.107217044242
Adsorbate-atom-velocity: 142 0     0.801645498849    -4.410094862302    -3.245760353160
Adsorbate-atom-velocity: 143 0     1.841419201864     2.874791596864    -1.665170861910
Adsorbate-atom-velocity: 144 0     2.486460267988     3.209647984372    -0.386408688329
Adsorbate-atom-velocity: 145 0     3.338077196531    -0.592868312742     1.386374595868
Adsorbate-atom-velocity: 146 0    -1.455476144632     1.343631506382     2.152063735563
Adsorbate-atom-velocity: 147 0    -1.696882706632    -1.417100573462     0.871692222773
Adsorbate-atom-velocity: 148 0     1.714840410639    -0.244291873943     2.687924580147
Adsorbate-atom-velocity: 149 0     0.971915522294     3.987667503798     2.412724311085
Adsorbate-atom-velocity: 150 0    -0.320387759719     0.622626820319     1.713578416763
Adsorbate-atom-velocity: 151 0    -0.200036390019     0.318983119047    -1.455862364069
Adsorbate-atom-velocity: 152 0     3.349707477129    -3.422637060399    -0.654427361967
Adsorbate-atom-velocity: 153 0     3.523179759762     1.734701425734    -3.116959059576
Adsorbate-atom-velocity: 154 0     2.100684317080    -0.775934950605     1.857495104772
Adsorbate-atom-velocity: 155 0    -2.773490074496     1.024519443625    -1.841851437467
Adsorbate-atom-velocity: 156 0    -2.598628363184    -0.695092634759     0.770323837156
Adsorbate-atom-velocity: 157 0     1.342608015921     1.222846034012    -1.040339080995
Adsorbate-atom-velocity: 158 0     2.273372116374    -1.102168524971     0.244233846010
Adsorbate-atom-velocity: 159 0    -0.473814133329    -3.436625067109    -0.889149668430
Adsorbate-atom-velocity: 160 0    -1.962606673867    -1.105076462129     0.457250186795
Adsorbate-atom-velocity: 161 0    -3.339154458255    -0.234404658210     1.275554898185
Adsorbate-atom-velocity: 162 0     1.108554989800     1.100002357546     4.601000114797
Adsorbate-atom-velocity: 163 0    -0.919827632914    -4.272318307324     1.206547100663
Adsorbate-atom-velocity: 164 0    -7.023106027111     0.390637949024    -0.263034487702
Adsorbate-atom-velocity: 165 0     1.728968002861     1.104933211220     1.934311174222
Adsorbate-atom-velocity: 166 0    -0.098634542873     5.395920346448    -0.927523333923
Adsorbate-atom-velocity: 167 0     0.729851190359    -1.955030907695     3.800772977212
Adsorbate-atom-velocity: 168 0    -0.234400982749    -4.034004788385    -0.029959703047
Adsorbate-atom-velocity: 169 0    -0.532951983068     0.449091620416     3.405999937754
Adsorbate-atom-velocity: 170 0     3.865051664086    -3.649349912456    -2.670957579180
Adsorbate-atom-velocity: 171 0    -1.830071199644    -2.200825463380    -0.537935291888
Adsorbate-atom-velocity: 172 0     3.472751392921    -1.641814595092    -0.375719393573
Adsorbate-atom-velocity: 173 0     0.652257237307    -1.146916315478    -0.027842868104
Adsorbate-atom-velocity: 174 0     2.002675424355    -0.723473382361     0.671929241887
Adsorbate-atom-velocity: 175 0     3.839913568937     0.913115346989     3.298851821155
Adsorbate-atom-velocity: 176 0     0.049426710454    -6.321373358354     1.135054839988
Adsorbate-atom-velocity: 177 0    -1.691193502571     0.510615130580    -1.412820207421
Adsorbate-atom-velocity: 178 0    -2.036271273511    -1.807711415464     2.658608432159
Adsorbate-atom-velocity: 179 0    -1.284312763902    -3.158536238657    -4.064314814308
Adsorbate-atom-velocity: 180 0     3.390758935221    -2.008699690853    -5.000842623207
Adsorbate-atom-velocity: 181 0     0.040520206240    -2.163905191062     2.419408459933
Adsorbate-atom-velocity: 182 0     1.374927228259    -0.435771039817    -0.630423418849
Adsorbate-atom-velocity: 183 0    -2.140093950194    -0.328416773028    -1.113338105466
Adsorbate-atom-velocity: 184 0    -0.059388495759     0.513275525834    -2.158560465730
Adsorbate-atom-velocity: 185 0     7.097492901140    -1.599489752073    -2.263269349355
Adsorbate-atom-velocity: 186 0     0.533939987190     0.263094486065    -1.518397732067
Adsorbate-atom-velocity: 187 0     2.238335530404     1.504713651655     1.941026990881
Adsorbate-atom-velocity: 188 0     2.851484616205     2.218935473855    -2.673694429878
Adsorbate-atom-velocity: 189 0     1.688012157469    -2.889435752347     2.404873797059
Adsorbate-atom-velocity: 190 0     0.999629672795     1.013618847033    -0.010825555870
Adsorbate-atom-velocity: 191 0     2.314794027068     2.026543127870     0.016486422004
Adsorbate-atom-velocity: 192 0    -0.164710854037     2.795674136357    -2.886120367850
Adsorbate-atom-velocity: 193 0     0.551947792842    -1.479275320749    -1.283052588116
Adsorbate-atom-velocity: 194 0     2.178272551318    -6.869555962138    -2.248456862022
Adsorbate-atom-velocity: 195 0     0.906817111338    -2.512932662161     2.736529255438
Adsorbate-atom-velocity: 196 0    -0.060359139714    -7.347901053181     2.109570577396
Adsorbate-atom-velocity: 197 0    -1.037940161892     1.121471291952    -0.242358508359
Adsorbate-atom-velocity: 198 0     1.516384803347    -1.843789788783    -0.290820998234
Adsorbate-atom-velocity: 199 0    -4.355095965733     1.889130255236     2.647663235122
Adsorbate-atom-velocity: 200 0     2.979853027839    -2.710720744261    -4.120769349584
Adsorbate-atom-force:    0 0     0.000000000000     0.000000000000     0.000000000000
Adsorbate-atom-force:    1 0     0.000000000000     0.000000000000     0.000000000000
Adsorbate-atom-force:    2 0     0.000000000000     0.000000000000     0.000000000000
Adsorbate-atom-force:    3 0     0.000000000000     0.000000000000     0.000000000000
Adsorbate-atom-force:    4 0     0.000000000000     0.000000000000     0.000000000000
Adsorbate-atom-force:    5 0     0.000000000000     0.000000000000     0.000000000000
Adsorbate-atom-force:    6 0     0.000000000000     0.000000000000     0.000000000000
Adsorbate-atom-force:    7 0     0.000000000000     0.000000000000     0.000000000000
Adsorbate-atom-force:    8 0     0.000000000000     0.000000000000     0.000000000000
Adsorbate-atom-force:    9 0     0.000000000000     0.000000000000     0.000000000000
Adsorbate-atom-force:    10 0     0.000000000000     0.000000000000     0.000000000000
Adsorbate-atom-force:    11 0     0.000000000000     0.000000000000     0.000000000000
Adsorbate-atom-force:    12 0     0.000000000000     0.000000000000     0.000000000000
Adsorbate-atom-force:    13 0     0.000000000000     0.000000000000     0.000000000000
Adsorbate-atom-force:    14 0     0.000000000000     0.000000000000     0.000000000000
Adsorbate-atom-force:    15 0     0.000000000000     0.000000000000     0.000000000000
Adsorbate-atom-force:    16 0     0.000000000000     0.000000000000     0.000000000000
Adsorbate-atom-force:    17 0     0.000000000000     0.000000000000     0.000000000000
Adsorbate-atom-force:    18 0     0.000000000000     0.000000000000     0.000000000000
Adsorbate-atom-force:    19 0     0.000000000000     0.000000000000     0.000000000000
Adsorbate-atom-force:    20 0     0.000000000000     0.000000000000     0.000000000000
Adsorbate-atom-force:    21 0     0.000000000000     0.000000000000     0.000000000000
Adsorbate-atom-force:    22 0     0.000000000000     0.000000000000     0.000000000000
Adsorbate-atom-force:    23 0     0.000000000000     0.000000000000     0.000000000000
Adsorbate-atom-force:    24 0     0.000000000000     0.000000000000     0.000000000000
Adsorbate-atom-force:    25 0     0.000000000000     0.000000000000     0.000000000000
Adsorbate-atom-force:    26 0     0.000000000000     0.000000000000     0.000000000000
Adsorbate-atom-force:    27 0     0.000000000000     0.000000000000     0.000000000000
Adsorbate-atom-force:    28 0     0.000000000000     0.000000000000     0.000000000000
Adsorbate-atom-force:    29 0     0.000000000000     0.000000000000     0.000000000000
Adsorbate-atom-force:    30 0     0.000000000000     0.000000000000     0.000000000000
Adsorbate-atom-force:    31 0     0.000000000000     0.000000000000     0.000000000000
Adsorbate-atom-force:    32 0     0.000000000000     0.000000000000     0.000000000000
Adsorbate-atom-force:    33 0     0.000000000000     0.000000000000     0.000000000000
Adsorbate-atom-force:    34 0     0.000000000000     0.000000000000     0.000000000000
Adsorbate-atom-force:    35 0     0.000000000000     0.000000000000     0.000000000000
Adsorbate-atom-force:    36 0     0.000000000000     0.000000000000     0.000000000000
Adsorbate-atom-force:    37 0     0.000000000000     0.000000000000     0.000000000000
Adsorbate-atom-force:    38 0     0.000000000000     0.000000000000     0.000000000000
Adsorbate-atom-force:    39 0     0.000000000000     0.000000000000     0.000000000000
Adsorbate-atom-force:    40 0     0.000000000000     0.000000000000     0.000000000000
Adsorbate-atom-force:    41 0     0.000000000000     0.000000000000     0.000000000000
Adsorbate-atom-force:    42 0     0.000000000000     0.000000000000     0.000000000000
Adsorbate-atom-force:    43 0     0.000000000000     0.000000000000     0.000000000000
Adsorbate-atom-force:    44 0     0.000000000000     0.000000000000     0.000000000000
Adsorbate-atom-force:    45 0     0.000000000000     0.000000000000     0.000000000000
Adsorbate-atom-force:    46 0     0.000000000000     0.000000000000     0.000000000000
Adsorbate-atom-force:    47 0     0.000000000000     0.000000000000     0.000000000000
Adsorbate-atom-force:    48 0     0.000000000000     0.000000000000     0.000000000000
Adsorbate-atom-force:    49 0     0.000000000000     0.000000000000     0.000000000000
Adsorbate-atom-force:    50 0     0.000000000000     0.000000000000     0.000000000000
Adsorbate-atom-force:    51 0     0.000000000000     0.000000000000     0.000000000000
Adsorbate-atom-force:    52 0     0.000000000000     0.000000000000     0.000000000000
Adsorbate-atom-force:    53 0     0.000000000000     0.000000000000     0.000000000000
Adsorbate-atom-force:    54 0     0.000000000000     0.000000000000     0.000000000000
Adsorbate-atom-force:    55 0     0.000000000000     0.000000000000     0.000000000000
Adsorbate-atom-force:    56 0     0.000000000000     0.000000000000     0.000000000000
Adsorbate-atom-force:    57 0     0.000000000000     0.000000000000     0.000000000000
Adsorbate-atom-force:    58 0     0.000000000000     0.000000000000     0.000000000000
Adsorbate-atom-force:    59 0     0.000000000000     0.000000000000     0.000000000000
Adsorbate-atom-force:    60 0     0.000000000000     0.000000000000     0.000000000000
Adsorbate-atom-force:    61 0     0.000000000000     0.000000000000     0.000000000000
Adsorbate-atom-force:    62 0     0.000000000000     0.000000000000     0.000000000000
Adsorbate-atom-force:    63 0     0.000000000000     0.000000000000     0.000000000000
Adsorbate-atom-force:    64 0     0.000000000000     0.000000000000     0.000000000000
Adsorbate-atom-force:    65 0     0.000000000000     0.000000000000     0.000000000000
Adsorbate-atom-force:    66 0     0.000000000000     0.000000000000     0.000000000000
Adsorbate-atom-force:    67 0     0.000000000000     0.000000000000     0.000000000000
Adsorbate-atom-force:    68 0     0.000000000000     0.000000000000     0.000000000000
Adsorbate-atom-force:    69 0     0.000000000000     0.000000000000     0.000000000000
Adsorbate-atom-force:    70 0     0.000000000000     0.000000000000     0.000000000000
Adsorbate-atom-force:    71 0     0.000000000000     0.000000000000     0.000000000000
Adsorbate-atom-force:    72 0     0.000000000000     0.000000000000     0.000000000000
Adsorbate-atom-force:    73 0     0.000000000000     0.000000000000     0.000000000000
Adsorbate-atom-force:    74 0     0.000000000000     0.000000000000     0.000000000000
Adsorbate-atom-force:    75 0     0.000000000000     0.000000000000     0.000000000000
Adsorbate-atom-force:    76 0     0.000000000000     0.000000000000     0.000000000000
Adsorbate-atom-force:    77 0     0.000000000000     0.000000000000     0.000000000000
Adsorbate-atom-force:    78 0     0.000000000000     0.000000000000     0.000000000000
Adsorbate-atom-force:    79 0     0.000000000000     0.000000000000     0.000000000000
Adsorbate-atom-force:    80 0     0.000000000000     0.000000000000     0.000000000000
Adsorbate-atom-force:    81 0     0.000000000000     0.000000000000     0.000000000000
Adsorbate-atom-force:    82 0     0.000000000000     0.000000000000     0.000000000000
Adsorbate-atom-force:    83 0     0.000000000000     0.000000000000     0.000000000000
Adsorbate-atom-force:    84 0     0.000000000000     0.000000000000     0.000000000000
Adsorbate-atom-force:    85 0     0.000000000000     0.000000000000     0.000000000000
Adsorbate-atom-force:    86 0     0.000000000000     0.000000000000     0.000000000000
Adsorbate-atom-force:    87 0     0.000000000000     0.000000000000     0.000000000000
Adsorbate-atom-force:    88 0     0.000000000000     0.000000000000     0.000000000000
Adsorbate-atom-force:    89 0     0.000000000000     0.000000000000     0.000000000000
Adsorbate-atom-force:    90 0     0.000000000000     0.000000000000     0.000000000000
Adsorbate-atom-force:    91 0     0.000000000000     0.000000000000     0.000000000000
Adsorbate-atom-force:    92 0     0.000000000000     0.000000000000     0.000000000000
Adsorbate-atom-force:    93 0     0.000000000000     0.000000000000     0.000000000000
Adsorbate-atom-force:    94 0     0.000000000000     0.000000000000     0.000000000000
Adsorbate-atom-force:    95 0     0.000000000000     0.000000000000     0.000000000000
Adsorbate-atom-force:    96 0     0.000000000000     0.000000000000     0.000000000000
Adsorbate-atom-force:    97 0     0.000000000000     0.000000000000     0.000000000000
Adsorbate-atom-force:    98 0     0.000000000000     0.000000000000     0.000000000000
Adsorbate-atom-force:    99 0     0.000000000000     0.000000000000     0.000000000000
Adsorbate-atom-force:    100 0     0.000000000000     0.000000000000     0.000000000000
Adsorbate-atom-force:    101 0     0.000000000000     0.000000000000     0.000000000000
Adsorbate-atom-force:    102 0     0.000000000000     0.000000000000     0.000000000000
Adsorbate-atom-force:    103 0     0.000000000000     0.000000000000     0.000000000000
Adsorbate-atom-force:    104 0     0.000000000000     0.000000000000     0.000000000000
Adsorbate-atom-force:    105 0     0.000000000000     0.000000000000     0.000000000000
Adsorbate-atom-force:    106 0     0.000000000000     0.000000000000     0.000000000000
Adsorbate-atom-force:    107 0     0.000000000000     0.000000000000     0.000000000000
Adsorbate-atom-force:    108 0     0.000000000000     0.000000000000     0.000000000000
Adsorbate-atom-force:    109 0     0.000000000000     0.000000000000     0.000000000000
Adsorbate-atom-force:    110 0     0.000000000000     0.000000000000     0.000000000000
Adsorbate-atom-force:    111 0     0.000000000000     0.000000000000     0.000000000000
Adsorbate-atom-force:    112 0     0.000000000000     0.000000000000     0.000000000000
Adsorbate-atom-force:    113 0     0.000000000000     0.000000000000     0.000000000000
Adsorbate-atom-force:    114 0     0.000000000000     0.000000000000     0.000000000000
Adsorbate-atom-force:    115 0     0.000000000000     0.000000000000     0.000000000000
Adsorbate-atom-force:    116 0     0.000000000000     0.000000000000     0.000000000000
Adsorbate-atom-force:    117 0     0.000000000000     0.000000000000     0.000000000000
Adsorbate-atom-force:    118 0     0.000000000000     0.000000000000     0.000000000000
Adsorbate-atom-force:    119 0     0.000000000000     0.000000000000     0.000000000000
Adsorbate-atom-force:    120 0     0.000000000000     0.000000000000     0.000000000000
Adsorbate-atom-force:    121 0     0.000000000000     0.000000000000     0.000000000000
Adsorbate-atom-force:    122 0     0.000000000000     0.000000000000     0.000000000000
Adsorbate-atom-force:    123 0     0.000000000000     0.000000000000     0.000000000000
Adsorbate-atom-force:    124 0     0.000000000000     0.000000000000     0.000000000000
Adsorbate-atom-force:    125 0     0.000000000000     0.000000000000     0.000000000000
Adsorbate-atom-force:    126 0     0.000000000000     0.000000000000     0.000000000000
Adsorbate-atom-force:    127 0     0.000000000000     0.000000000000     0.000000000000
Adsorbate-atom-force:    128 0     0.000000000000     0.000000000000     0.000000000000
Adsorbate-atom-force:    129 0     0.000000000000     0.000000000000     0.000000000000
Adsorbate-atom-force:    130 0     0.000000000000     0.000000000000     0.000000000000
Adsorbate-atom-force:    131 0     0.000000000000     0.000000000000     0.000000000000
Adsorbate-atom-force:    132 0     0.000000000000     0.000000000000     0.000000000000
Adsorbate-atom-force:    133 0     0.000000000000     0.000000000000     0.000000000000
Adsorbate-atom-force:    134 0     0.000000000000     0.000000000000     0.000000000000
Adsorbate-atom-force:    135 0     0.000000000000     0.000000000000     0.000000000000
Adsorbate-atom-force:    136 0     0.000000000000     0.000000000000     0.000000000000
Adsorbate-atom-force:    137 0     0.000000000000     0.000000000000     0.000000000000
Adsorbate-atom-force:    138 0     0.000000000000     0.000000000000     0.000000000000
Adsorbate-atom-force:    139 0     0.000000000000     0.000000000000     0.000000000000
Adsorbate-atom-force:    140 0     0.000000000000     0.000000000000     0.000000000000
Adsorbate-atom-force:    141 0     0.000000000000     0.000000000000     0.000000000000
Adsorbate-atom-force:    142 0     0.000000000000     0.000000000000     0.000000000000
Adsorbate-atom-force:    143 0     0.000000000000     0.000000000000     0.000000000000
Adsorbate-atom-force:    144 0     0.000000000000     0.000000000000     0.000000000000
Adsorbate-atom-force:    145 0     0.000000000000     0.000000000000     0.000000000000
Adsorbate-atom-force:    146 0     0.000000000000     0.000000000000     0.000000000000
Adsorbate-atom-force:    147 0     0.000000000000     0.000000000000     0.000000000000
Adsorbate-atom-force:    148 0     0.000000000000     0.000000000000     0.000000000000
Adsorbate-atom-force:    149 0     0.000000000000     0.000000000000     0.000000000000
Adsorbate-atom-force:    150 0     0.000000000000     0.000000000000     0.000000000000
Adsorbate-atom-force:    151 0     0.000000000000     0.000000000000     0.000000000000
Adsorbate-atom-force:    152 0     0.000000000000     0.000000000000     0.000000000000
Adsorbate-atom-force:    153 0     0.000000000000     0.000000000000     0.000000000000
Adsorbate-atom-force:    154 0     0.000000000000     0.000000000000     0.000000000000
Adsorbate-atom-force:    155 0     0.000000000000     0.000000000000     0.000000000000
Adsorbate-atom-force:    156 0     0.000000000000     0.000000000000     0.000000000000
Adsorbate-atom-force:    157 0     0.000000000000     0.000000000000     0.000000000000
Adsorbate-atom-force:    158 0     0.000000000000     0.000000000000     0.000000000000
Adsorbate-atom-force:    159 0     0.000000000000     0.000000000000     0.000000000000
Adsorbate-atom-force:    160 0     0.000000000000     0.000000000000     0.000000000000
Adsorbate-atom-force:    161 0     0.000000000000     0.000000000000     0.000000000000
Adsorbate-atom-force:    162 0     0.000000000000     0.000000000000     0.000000000000
Adsorbate-atom-force:    163 0     0.000000000000     0.000000000000     0.000000000000
Adsorbate-atom-force:    164 0     0.000000000000     0.000000000000     0.000000000000
Adsorbate-atom-force:    165 0     0.000000000000     0.000000000000     0.000000000000
Adsorbate-atom-force:    166 0     0.000000000000     0.000000000000     0.000000000000
Adsorbate-atom-force:    167 0     0.000000000000     0.000000000000     0.000000000000
Adsorbate-atom-force:    168 0     0.000000000000     0.000000000000     0.000000000000
Adsorbate-atom-force:    169 0     0.000000000000     0.000000000000     0.000000000000
Adsorbate-atom-force:    170 0     0.000000000000     0.000000000000     0.000000000000
Adsorbate-atom-force:    171 0     0.000000000000     0.000000000000     0.000000000000
Adsorbate-atom-force:    172 0     0.000000000000     0.000000000000     0.000000000000
Adsorbate-atom-force:    173 0     0.000000000000     0.000000000000     0.000000000000
Adsorbate-atom-force:    174 0     0.000000000000     0.000000000000     0.000000000000
Adsorbate-atom-force:    175 0     0.000000000000     0.000000000000     0.000000000000
Adsorbate-atom-force:    176 0     0.000000000000     0.000000000000     0.000000000000
Adsorbate-atom-force:    177 0     0.000000000000     0.000000000000     0.000000000000
Adsorbate-atom-force:    178 0     0.000000000000     0.000000000000     0.000000000000
Adsorbate-atom-force:    179 0     0.000000000000     0.000000000000     0.000000000000
Adsorbate-atom-force:    180 0     0.000000000000     0.000000000000     0.000000000000
Adsorbate-atom-force:    181 0     0.000000000000     0.000000000000     0.000000000000
Adsorbate-atom-force:    182 0     0.000000000000     0.000000000000     0.000000000000
Adsorbate-atom-force:    183 0     0.000000000000     0.000000000000     0.000000000000
Adsorbate-atom-force:    184 0     0.000000000000     0.000000000000     0.000000000000
Adsorbate-atom-force:    185 0     0.000000000000     0.000000000000     0.000000000000
Adsorbate-atom-force:    186 0     0.000000000000     0.000000000000     0.000000000000
Adsorbate-atom-force:    187 0     0.000000000000     0.000000000000     0.000000000000
Adsorbate-atom-force:    188 0     0.000000000000     0.000000000000     0.000000000000
Adsorbate-atom-force:    189 0     0.000000000000     0.000000000000     0.000000000000
Adsorbate-atom-force:    190 0     0.000000000000     0.000000000000     0.000000000000
Adsorbate-atom-force:    191 0     0.000000000000     0.000000000000     0.000000000000
Adsorbate-atom-force:    192 0     0.000000000000     0.000000000000     0.000000000000
Adsorbate-atom-force:    193 0     0.000000000000     0.000000000000     0.000000000000
Adsorbate-atom-force:    194 0     0.000000000000     0.000000000000     0.000000000000
Adsorbate-atom-force:    195 0     0.000000000000     0.000000000000     0.000000000000
Adsorbate-atom-force:    196 0     0.000000000000     0.000000000000     0.000000000000
Adsorbate-atom-force:    197 0     0.000000000000     0.000000000000     0.000000000000
Adsorbate-atom-force:    198 0     0.000000000000     0.000000000000     0.000000000000
Adsorbate-atom-force:    199 0     0.000000000000     0.000000000000     0.000000000000
Adsorbate-atom-force:    200 0     0.000000000000     0.000000000000     0.000000000000
Adsorbate-atom-charge:   0 0     0.000000000000
Adsorbate-atom-charge:   1 0     0.000000000000
Adsorbate-atom-charge:   2 0     0.000000000000
Adsorbate-atom-charge:   3 0     0.000000000000
Adsorbate-atom-charge:   4 0     0.000000000000
Adsorbate-atom-charge:   5 0     0.000000000000
Adsorbate-atom-charge:   6 0     0.000000000000
Adsorbate-atom-charge:   7 0     0.000000000000
Adsorbate-atom-charge:   8 0     0.000000000000
Adsorbate-atom-charge:   9 0     0.000000000000
Adsorbate-atom-charge:   10 0     0.000000000000
Adsorbate-atom-charge:   11 0     0.000000000000
Adsorbate-atom-charge:   12 0     0.000000000000
Adsorbate-atom-charge:   13 0     0.000000000000
Adsorbate-atom-charge:   14 0     0.000000000000
Adsorbate-atom-charge:   15 0     0.000000000000
Adsorbate-atom-charge:   16 0     0.000000000000
Adsorbate-atom-charge:   17 0     0.000000000000
Adsorbate-atom-charge:   18 0     0.000000000000
Adsorbate-atom-charge:   19 0     0.000000000000
Adsorbate-atom-charge:   20 0     0.000000000000
Adsorbate-atom-charge:   21 0     0.000000000000
Adsorbate-atom-charge:   22 0     0.000000000000
Adsorbate-atom-charge:   23 0     0.000000000000
Adsorbate-atom-charge:   24 0     0.000000000000
Adsorbate-atom-charge:   25 0     0.000000000000
Adsorbate-atom-charge:   26 0     0.000000000000
Adsorbate-atom-charge:   27 0     0.000000000000
Adsorbate-atom-charge:   28 0     0.000000000000
Adsorbate-atom-charge:   29 0     0.000000000000
Adsorbate-atom-charge:   30 0     0.000000000000
Adsorbate-atom-charge:   31 0     0.000000000000
Adsorbate-atom-charge:   32 0     0.000000000000
Adsorbate-atom-charge:   33 0     0.000000000000
Adsorbate-atom-charge:   34 0     0.000000000000
Adsorbate-atom-charge:   35 0     0.000000000000
Adsorbate-atom-charge:   36 0     0.000000000000
Adsorbate-atom-charge:   37 0     0.000000000000
Adsorbate-atom-charge:   38 0     0.000000000000
Adsorbate-atom-charge:   39 0     0.000000000000
Adsorbate-atom-charge:   40 0     0.000000000000
Adsorbate-atom-charge:   41 0     0.000000000000
Adsorbate-atom-charge:   42 0     0.000000000000
Adsorbate-atom-charge:   43 0     0.000000000000
Adsorbate-atom-charge:   44 0     0.000000000000
Adsorbate-atom-charge:   45 0     0.000000000000
Adsorbate-atom-charge:   46 0     0.000000000000
Adsorbate-atom-charge:   47 0     0.000000000000
Adsorbate-atom-charge:   48 0     0.000000000000
Adsorbate-atom-charge:   49 0     0.000000000000
Adsorbate-atom-charge:   50 0     0.000000000000
Adsorbate-atom-charge:   51 0     0.000000000000
Adsorbate-atom-charge:   52 0     0.000000000000
Adsorbate-atom-charge:   53 0     0.000000000000
Adsorbate-atom-charge:   54 0     0.000000000000
Adsorbate-atom-charge:   55 0     0.000000000000
Adsorbate-atom-charge:   56 0     0.000000000000
Adsorbate-atom-charge:   57 0     0.000000000000
Adsorbate-atom-charge:   58 0     0.000000000000
Adsorbate-atom-charge:   59 0     0.000000000000
Adsorbate-atom-charge:   60 0     0.000000000000
Adsorbate-atom-charge:   61 0     0.000000000000
Adsorbate-atom-charge:   62 0     0.000000000000
Adsorbate-atom-charge:   63 0     0.000000000000
Adsorbate-atom-charge:   64 0     0.000000000000
Adsorbate-atom-charge:   65 0     0.000000000000
Adsorbate-atom-charge:   66 0     0.000000000000
Adsorbate-atom-charge:   67 0     0.000000000000
Adsorbate-atom-charge:   68 0     0.000000000000
Adsorbate-atom-charge:   69 0     0.000000000000
Adsorbate-atom-charge:   70 0     0.000000000000
Adsorbate-atom-charge:   71 0     0.000000000000
Adsorbate-atom-charge:   72 0     0.000000000000
Adsorbate-atom-charge:   73 0     0.000000000000
Adsorbate-atom-charge:   74 0     0.000000000000
Adsorbate-atom-charge:   75 0     0.000000000000
Adsorbate-atom-charge:   76 0     0.000000000000
Adsorbate-atom-charge:   77 0     0.000000000000
Adsorbate-atom-charge:   78 0     0.000000000000
Adsorbate-atom-charge:   79 0     0.000000000000
Adsorbate-atom-charge:   80 0     0.000000000000
Adsorbate-atom-charge:   81 0     0.000000000000
Adsorbate-atom-charge:   82 0     0.000000000000
Adsorbate-atom-charge:   83 0     0.000000000000
Adsorbate-atom-charge:   84 0     0.000000000000
Adsorbate-atom-charge:   85 0     0.000000000000
Adsorbate-atom-charge:   86 0     0.000000000000
Adsorbate-atom-charge:   87 0     0.000000000000
Adsorbate-atom-charge:   88 0     0.000000000000
Adsorbate-atom-charge:   89 0     0.000000000000
Adsorbate-atom-charge:   90 0     0.000000000000
Adsorbate-atom-charge:   91 0     0.000000000000
Adsorbate-atom-charge:   92 0     0.000000000000
Adsorbate-atom-charge:   93 0     0.000000000000
Adsorbate-atom-charge:   94 0     0.000000000000
Adsorbate-atom-charge:   95 0     0.000000000000
Adsorbate-atom-charge:   96 0     0.000000000000
Adsorbate-atom-charge:   97 0     0.000000000000
Adsorbate-atom-charge:   98 0     0.000000000000
Adsorbate-atom-charge:   99 0     0.000000000000
Adsorbate-atom-charge:   100 0     0.000000000000
Adsorbate-atom-charge:   101 0     0.000000000000
Adsorbate-atom-charge:   102 0     0.000000000000
Adsorbate-atom-charge:   103 0     0.000000000000
Adsorbate-atom-charge:   104 0     0.000000000000
Adsorbate-atom-charge:   105 0     0.000000000000
Adsorbate-atom-charge:   106 0     0.000000000000
Adsorbate-atom-charge:   107 0     0.000000000000
Adsorbate-atom-charge:   108 0     0.000000000000
Adsorbate-atom-charge:   109 0     0.000000000000
Adsorbate-atom-charge:   110 0     0.000000000000
Adsorbate-atom-charge:   111 0     0.000000000000
Adsorbate-atom-charge:   112 0     0.000000000000
Adsorbate-atom-charge:   113 0     0.000000000000
Adsorbate-atom-charge:   114 0     0.000000000000
Adsorbate-atom-charge:   115 0     0.000000000000
Adsorbate-atom-charge:   116 0     0.000000000000
Adsorbate-atom-charge:   117 0     0.000000000000
Adsorbate-atom-charge:   118 0     0.000000000000
Adsorbate-atom-charge:   119 0     0.000000000000
Adsorbate-atom-charge:   120 0     0.000000000000
Adsorbate-atom-charge:   121 0     0.000000000000
Adsorbate-atom-charge:   122 0     0.000000000000
Adsorbate-atom-charge:   123 0     0.000000000000
Adsorbate-atom-charge:   124 0     0.000000000000
Adsorbate-atom-charge:   125 0     0.000000000000
Adsorbate-atom-charge:   126 0     0.000000000000
Adsorbate-atom-charge:   127 0     0.000000000000
Adsorbate-atom-charge:   128 0     0.000000000000
Adsorbate-atom-charge:   129 0     0.000000000000
Adsorbate-atom-charge:   130 0     0.000000000000
Adsorbate-atom-charge:   131 0     0.000000000000
Adsorbate-atom-charge:   132 0     0.000000000000
Adsorbate-atom-charge:   133 0     0.000000000000
Adsorbate-atom-charge:   134 0     0.000000000000
Adsorbate-atom-charge:   135 0     0.000000000000
Adsorbate-atom-charge:   136 0     0.000000000000
Adsorbate-atom-charge:   137 0     0.000000000000
Adsorbate-atom-charge:   138 0     0.000000000000
Adsorbate-atom-charge:   139 0     0.000000000000
Adsorbate-atom-charge:   140 0     0.000000000000
Adsorbate-atom-charge:   141 0     0.000000000000
Adsorbate-atom-charge:   142 0     0.000000000000
Adsorbate-atom-charge:   143 0     0.000000000000
Adsorbate-atom-charge:   144 0     0.000000000000
Adsorbate-atom-charge:   145 0     0.000000000000
Adsorbate-atom-charge:   146 0     0.000000000000
Adsorbate-atom-charge:   147 0     0.000000000000
Adsorbate-atom-charge:   148 0     0.000000000000
Adsorbate-atom-charge:   149 0     0.000000000000
Adsorbate-atom-charge:   150 0     0.000000000000
Adsorbate-atom-charge:   151 0     0.000000000000
Adsorbate-atom-charge:   152 0     0.000000000000
Adsorbate-atom-charge:   153 0     0.000000000000
Adsorbate-atom-charge:   154 0     0.000000000000
Adsorbate-atom-charge:   155 0     0.000000000000
Adsorbate-atom-charge:   156 0     0.000000000000
Adsorbate-atom-charge:   157 0     0.000000000000
Adsorbate-atom-charge:   158 0     0.000000000000
Adsorbate-atom-charge:   159 0     0.000000000000
Adsorbate-atom-charge:   160 0     0.000000000000
Adsorbate-atom-charge:   161 0     0.000000000000
Adsorbate-atom-charge:   162 0     0.000000000000
Adsorbate-atom-charge:   163 0     0.000000000000
Adsorbate-atom-charge:   164 0     0.000000000000
Adsorbate-atom-charge:   165 0     0.000000000000
Adsorbate-atom-charge:   166 0     0.000000000000
Adsorbate-atom-charge:   167 0     0.000000000000
Adsorbate-atom-charge:   168 0     0.000000000000
Adsorbate-atom-charge:   169 0     0.000000000000
Adsorbate-atom-charge:   170 0     0.000000000000
Adsorbate-atom-charge:   171 0     0.000000000000
Adsorbate-atom-charge:   172 0     0.000000000000
Adsorbate-atom-charge:   173 0     0.000000000000
Adsorbate-atom-charge:   174 0     0.000000000000
Adsorbate-atom-charge:   175 0     0.000000000000
Adsorbate-atom-charge:   176 0     0.000000000000
Adsorbate-atom-charge:   177 0     0.000000000000
Adsorbate-atom-charge:   178 0     0.000000000000
Adsorbate-atom-charge:   179 0     0.000000000000
Adsorbate-atom-charge:   180 0     0.000000000000
Adsorbate-atom-charge:   181 0     0.000000000000
Adsorbate-atom-charge:   182 0     0.000000000000
Adsorbate-atom-charge:   183 0     0.000000000000
Adsorbate-atom-charge:   184 0     0.000000000000
Adsorbate-atom-charge:   185 0     0.000000000000
Adsorbate-atom-charge:   186 0     0.000000000000
Adsorbate-atom-charge:   187 0     0.000000000000
Adsorbate-atom-charge:   188 0     0.000000000000
Adsorbate-atom-charge:   189 0     0.000000000000
Adsorbate-atom-charge:   190 0     0.000000000000
Adsorbate-atom-charge:   191 0     0.000000000000
Adsorbate-atom-charge:   192 0     0.000000000000
Adsorbate-atom-charge:   193 0     0.000000000000
Adsorbate-atom-charge:   194 0     0.000000000000
Adsorbate-atom-charge:   195 0     0.000000000000
Adsorbate-atom-charge:   196 0     0.000000000000
Adsorbate-atom-charge:   197 0     0.000000000000
Adsorbate-atom-charge:   198 0     0.000000000000
Adsorbate-atom-charge:   199 0     0.000000000000
Adsorbate-atom-charge:   200 0     0.000000000000
Adsorbate-atom-scaling:  0 0     1.000000000000
Adsorbate-atom-scaling:  1 0     1.000000000000
Adsorbate-atom-scaling:  2 0     1.000000000000
Adsorbate-atom-scaling:  3 0     1.000000000000
Adsorbate-atom-scaling:  4 0     1.000000000000
Adsorbate-atom-scaling:  5 0     1.000000000000
Adsorbate-atom-scaling:  6 0     1.000000000000
Adsorbate-atom-scaling:  7 0     1.000000000000
Adsorbate-atom-scaling:  8 0     1.000000000000
Adsorbate-atom-scaling:  9 0     1.000000000000
Adsorbate-atom-scaling:  10 0     1.000000000000
Adsorbate-atom-scaling:  11 0     1.000000000000
Adsorbate-atom-scaling:  12 0     1.000000000000
Adsorbate-atom-scaling:  13 0     1.000000000000
Adsorbate-atom-scaling:  14 0     1.000000000000
Adsorbate-atom-scaling:  15 0     1.000000000000
Adsorbate-atom-scaling:  16 0     1.000000000000
Adsorbate-atom-scaling:  17 0     1.000000000000
Adsorbate-atom-scaling:  18 0     1.000000000000
Adsorbate-atom-scaling:  19 0     1.000000000000
Adsorbate-atom-scaling:  20 0     1.000000000000
Adsorbate-atom-scaling:  21 0     1.000000000000
Adsorbate-atom-scaling:  22 0     1.000000000000
Adsorbate-atom-scaling:  23 0     1.000000000000
Adsorbate-atom-scaling:  24 0     1.000000000000
Adsorbate-atom-scaling:  25 0     1.000000000000
Adsorbate-atom-scaling:  26 0     1.000000000000
Adsorbate-atom-scaling:  27 0     1.000000000000
Adsorbate-atom-scaling:  28 0     1.000000000000
Adsorbate-atom-scaling:  29 0     1.000000000000
Adsorbate-atom-scaling:  30 0     1.000000000000
Adsorbate-atom-scaling:  31 0     1.000000000000
Adsorbate-atom-scaling:  32 0     1.000000000000
Adsorbate-atom-scaling:  33 0     1.000000000000
Adsorbate-atom-scaling:  34 0     1.000000000000
Adsorbate-atom-scaling:  35 0     1.000000000000
Adsorbate-atom-scaling:  36 0     1.000000000000
Adsorbate-atom-scaling:  37 0     1.000000000000
Adsorbate-atom-scaling:  38 0     1.000000000000
Adsorbate-atom-scaling:  39 0     1.000000000000
Adsorbate-atom-scaling:  40 0     1.000000000000
Adsorbate-atom-scaling:  41 0     1.000000000000
Adsorbate-atom-scaling:  42 0     1.000000000000
Adsorbate-atom-scaling:  43 0     1.000000000000
Adsorbate-atom-scaling:  44 0     1.000000000000
Adsorbate-atom-scaling:  45 0     1.000000000000
Adsorbate-atom-scaling:  46 0     1.000000000000
Adsorbate-atom-scaling:  47 0     1.000000000000
Adsorbate-atom-scaling:  48 0     1.000000000000
Adsorbate-atom-scaling:  49 0     1.000000000000
Adsorbate-atom-scaling:  50 0     1.000000000000
Adsorbate-atom-scaling:  51 0     1.000000000000
Adsorbate-atom-scaling:  52 0     1.000000000000
Adsorbate-atom-scaling:  53 0     1.000000000000
Adsorbate-atom-scaling:  54 0     1.000000000000
Adsorbate-atom-scaling:  55 0     1.000000000000
Adsorbate-atom-scaling:  56 0     1.000000000000
Adsorbate-atom-scaling:  57 0     1.000000000000
Adsorbate-atom-scaling:  58 0     1.000000000000
Adsorbate-atom-scaling:  59 0     1.000000000000
Adsorbate-atom-scaling:  60 0     1.000000000000
Adsorbate-atom-scaling:  61 0     1.000000000000
Adsorbate-atom-scaling:  62 0     1.000000000000
Adsorbate-atom-scaling:  63 0     1.000000000000
Adsorbate-atom-scaling:  64 0     1.000000000000
Adsorbate-atom-scaling:  65 0     1.000000000000
Adsorbate-atom-scaling:  66 0     1.000000000000
Adsorbate-atom-scaling:  67 0     1.000000000000
Adsorbate-atom-scaling:  68 0     1.000000000000
Adsorbate-atom-scaling:  69 0     1.000000000000
Adsorbate-atom-scaling:  70 0     1.000000000000
Adsorbate-atom-scaling:  71 0     1.000000000000
Adsorbate-atom-scaling:  72 0     1.000000000000
Adsorbate-atom-scaling:  73 0     1.000000000000
Adsorbate-atom-scaling:  74 0     1.000000000000
Adsorbate-atom-scaling:  75 0     1.000000000000
Adsorbate-atom-scaling:  76 0     1.000000000000
Adsorbate-atom-scaling:  77 0     1.000000000000
Adsorbate-atom-scaling:  78 0     1.000000000000
Adsorbate-atom-scaling:  79 0     1.000000000000
Adsorbate-atom-scaling:  80 0     1.000000000000
Adsorbate-atom-scaling:  81 0     1.000000000000
Adsorbate-atom-scaling:  82 0     1.000000000000
Adsorbate-atom-scaling:  83 0     1.000000000000
Adsorbate-atom-scaling:  84 0     1.000000000000
Adsorbate-atom-scaling:  85 0     1.000000000000
Adsorbate-atom-scaling:  86 0     1.000000000000
Adsorbate-atom-scaling:  87 0     1.000000000000
Adsorbate-atom-scaling:  88 0     1.000000000000
Adsorbate-atom-scaling:  89 0     1.000000000000
Adsorbate-atom-scaling:  90 0     1.000000000000
Adsorbate-atom-scaling:  91 0     1.000000000000
Adsorbate-atom-scaling:  92 0     1.000000000000
Adsorbate-atom-scaling:  93 0     1.000000000000
Adsorbate-atom-scaling:  94 0     1.000000000000
Adsorbate-atom-scaling:  95 0     1.000000000000
Adsorbate-atom-scaling:  96 0     1.000000000000
Adsorbate-atom-scaling:  97 0     1.000000000000
Adsorbate-atom-scaling:  98 0     1.000000000000
Adsorbate-atom-scaling:  99 0     1.000000000000
Adsorbate-atom-scaling:  100 0     1.000000000000
Adsorbate-atom-scaling:  101 0     1.000000000000
Adsorbate-atom-scaling:  102 0     1.000000000000
Adsorbate-atom-scaling:  103 0     1.000000000000
Adsorbate-atom-scaling:  104 0     1.000000000000
Adsorbate-atom-scaling:  105 0     1.000000000000
Adsorbate-atom-scaling:  106 0     1.000000000000
Adsorbate-atom-scaling:  107 0     1.000000000000
Adsorbate-atom-scaling:  108 0     1.000000000000
Adsorbate-atom-scaling:  109 0     1.000000000000
Adsorbate-atom-scaling:  110 0     1.000000000000
Adsorbate-atom-scaling:  111 0     1.000000000000
Adsorbate-atom-scaling:  112 0     1.000000000000
Adsorbate-atom-scaling:  113 0     1.000000000000
Adsorbate-atom-scaling:  114 0     1.000000000000
Adsorbate-atom-scaling:  115 0     1.000000000000
Adsorbate-atom-scaling:  116 0     1.000000000000
Adsorbate-atom-scaling:  117 0     1.000000000000
Adsorbate-atom-scaling:  118 0     1.000000000000
Adsorbate-atom-scaling:  119 0     1.000000000000
Adsorbate-atom-scaling:  120 0     1.000000000000
Adsorbate-atom-scaling:  121 0     1.000000000000
Adsorbate-atom-scaling:  122 0     1.000000000000
Adsorbate-atom-scaling:  123 0     1.000000000000
Adsorbate-atom-scaling:  124 0     1.000000000000
Adsorbate-atom-scaling:  125 0     1.000000000000
Adsorbate-atom-scaling:  126 0     1.000000000000
Adsorbate-atom-scaling:  127 0     1.000000000000
Adsorbate-atom-scaling:  128 0     1.000000000000
Adsorbate-atom-scaling:  129 0     1.000000000000
Adsorbate-atom-scaling:  130 0     1.000000000000
Adsorbate-atom-scaling:  131 0     1.000000000000
Adsorbate-atom-scaling:  132 0     1.000000000000
Adsorbate-atom-scaling:  133 0     1.000000000000
Adsorbate-atom-scaling:  134 0     1.000000000000
Adsorbate-atom-scaling:  135 0     1.000000000000
Adsorbate-atom-scaling:  136 0     1.000000000000
Adsorbate-atom-scaling:  137 0     1.000000000000
Adsorbate-atom-scaling:  138 0     1.000000000000
Adsorbate-atom-scaling:  139 0     1.000000000000
Adsorbate-atom-scaling:  140 0     1.000000000000
Adsorbate-atom-scaling:  141 0     1.000000000000
Adsorbate-atom-scaling:  142 0     1.000000000000
Adsorbate-atom-scaling:  143 0     1.000000000000
Adsorbate-atom-scaling:  144 0     1.000000000000
Adsorbate-atom-scaling:  145 0     1.000000000000
Adsorbate-atom-scaling:  146 0     1.000000000000
Adsorbate-atom-scaling:  147 0     1.000000000000
Adsorbate-atom-scaling:  148 0     1.000000000000
Adsorbate-atom-scaling:  149 0     1.000000000000
Adsorbate-atom-scaling:  150 0     1.000000000000
Adsorbate-atom-scaling:  151 0     1.000000000000
Adsorbate-atom-scaling:  152 0     1.000000000000
Adsorbate-atom-scaling:  153 0     1.000000000000
Adsorbate-atom-scaling:  154 0     1.000000000000
Adsorbate-atom-scaling:  155 0     1.000000000000
Adsorbate-atom-scaling:  156 0     1.000000000000
Adsorbate-atom-scaling:  157 0     1.000000000000
Adsorbate-atom-scaling:  158 0     1.000000000000
Adsorbate-atom-scaling:  159 0     1.000000000000
Adsorbate-atom-scaling:  160 0     1.000000000000
Adsorbate-atom-scaling:  161 0     1.000000000000
Adsorbate-atom-scaling:  162 0     1.000000000000
Adsorbate-atom-scaling:  163 0     1.000000000000
Adsorbate-atom-scaling:  164 0     1.000000000000
Adsorbate-atom-scaling:  165 0     1.000000000000
Adsorbate-atom-scaling:  166 0     1.000000000000
Adsorbate-atom-scaling:  167 0     1.000000000000
Adsorbate-atom-scaling:  168 0     1.000000000000
Adsorbate-atom-scaling:  169 0     1.000000000000
Adsorbate-atom-scaling:  170 0     1.000000000000
Adsorbate-atom-scaling:  171 0     1.000000000000
Adsorbate-atom-scaling:  172 0     1.000000000000
Adsorbate-atom-scaling:  173 0     1.000000000000
Adsorbate-atom-scaling:  174 0     1.000000000000
Adsorbate-atom-scaling:  175 0     1.000000000000
Adsorbate-atom-scaling:  176 0     1.000000000000
Adsorbate-atom-scaling:  177 0     1.000000000000
Adsorbate-atom-scaling:  178 0     1.000000000000
Adsorbate-atom-scaling:  179 0     1.000000000000
Adsorbate-atom-scaling:  180 0     1.000000000000
Adsorbate-atom-scaling:  181 0     1.000000000000
Adsorbate-atom-scaling:  182 0     1.000000000000
Adsorbate-atom-scaling:  183 0     1.000000000000
Adsorbate-atom-scaling:  184 0     1.000000000000
Adsorbate-atom-scaling:  185 0     1.000000000000
Adsorbate-atom-scaling:  186 0     1.000000000000
Adsorbate-atom-scaling:  187 0     1.000000000000
Adsorbate-atom-scaling:  188 0     1.000000000000
Adsorbate-atom-scaling:  189 0     1.000000000000
Adsorbate-atom-scaling:  190 0     1.000000000000
Adsorbate-atom-scaling:  191 0     1.000000000000
Adsorbate-atom-scaling:  192 0     1.000000000000
Adsorbate-atom-scaling:  193 0     1.000000000000
Adsorbate-atom-scaling:  194 0     1.000000000000
Adsorbate-atom-scaling:  195 0     1.000000000000
Adsorbate-atom-scaling:  196 0     1.000000000000
Adsorbate-atom-scaling:  197 0     1.000000000000
Adsorbate-atom-scaling:  198 0     1.000000000000
Adsorbate-atom-scaling:  199 0     1.000000000000
Adsorbate-atom-scaling:  200 0     1.000000000000
Adsorbate-atom-fixed:    0 0       0 0 0
Adsorbate-atom-fixed:    1 0       0 0 0
Adsorbate-atom-fixed:    2 0       0 0 0
Adsorbate-atom-fixed:    3 0       0 0 0
Adsorbate-atom-fixed:    4 0       0 0 0
Adsorbate-atom-fixed:    5 0       0 0 0
Adsorbate-atom-fixed:    6 0       0 0 0
Adsorbate-atom-fixed:    7 0       0 0 0
Adsorbate-atom-fixed:    8 0       0 0 0
Adsorbate-atom-fixed:    9 0       0 0 0
Adsorbate-atom-fixed:    10 0       0 0 0
Adsorbate-atom-fixed:    11 0       0 0 0
Adsorbate-atom-fixed:    12 0       0 0 0
Adsorbate-atom-fixed:    13 0       0 0 0
Adsorbate-atom-fixed:    14 0       0 0 0
Adsorbate-atom-fixed:    15 0       0 0 0
Adsorbate-atom-fixed:    16 0       0 0 0
Adsorbate-atom-fixed:    17 0       0 0 0
Adsorbate-atom-fixed:    18 0       0 0 0
Adsorbate-atom-fixed:    19 0       0 0 0
Adsorbate-atom-fixed:    20 0       0 0 0
Adsorbate-atom-fixed:    21 0       0 0 0
Adsorbate-atom-fixed:    22 0       0 0 0
Adsorbate-atom-fixed:    23 0       0 0 0
Adsorbate-atom-fixed:    24 0       0 0 0
Adsorbate-atom-fixed:    25 0       0 0 0
Adsorbate-atom-fixed:    26 0       0 0 0
Adsorbate-atom-fixed:    27 0       0 0 0
Adsorbate-atom-fixed:    28 0       0 0 0
Adsorbate-atom-fixed:    29 0       0 0 0
Adsorbate-atom-fixed:    30 0       0 0 0
Adsorbate-atom-fixed:    31 0       0 0 0
Adsorbate-atom-fixed:    32 0       0 0 0
Adsorbate-atom-fixed:    33 0       0 0 0
Adsorbate-atom-fixed:    34 0       0 0 0
Adsorbate-atom-fixed:    35 0       0 0 0
Adsorbate-atom-fixed:    36 0       0 0 0
Adsorbate-atom-fixed:    37 0       0 0 0
Adsorbate-atom-fixed:    38 0       0 0 0
Adsorbate-atom-fixed:    39 0       0 0 0
Adsorbate-atom-fixed:    40 0       0 0 0
Adsorbate-atom-fixed:    41 0       0 0 0
Adsorbate-atom-fixed:    42 0       0 0 0
Adsorbate-atom-fixed:    43 0       0 0 0
Adsorbate-atom-fixed:    44 0       0 0 0
Adsorbate-atom-fixed:    45 0       0 0 0
Adsorbate-atom-fixed:    46 0       0 0 0
Adsorbate-atom-fixed:    47 0       0 0 0
Adsorbate-atom-fixed:    48 0       0 0 0
Adsorbate-atom-fixed:    49 0       0 0 0
Adsorbate-atom-fixed:    50 0       0 0 0
Adsorbate-atom-fixed:    51 0       0 0 0
Adsorbate-atom-fixed:    52 0       0 0 0
Adsorbate-atom-fixed:    53 0       0 0 0
Adsorbate-atom-fixed:    54 0       0 0 0
Adsorbate-atom-fixed:    55 0       0 0 0
Adsorbate-atom-fixed:    56 0       0 0 0
Adsorbate-atom-fixed:    57 0       0 0 0
Adsorbate-atom-fixed:    58 0       0 0 0
Adsorbate-atom-fixed:    59 0       0 0 0
Adsorbate-atom-fixed:    60 0       0 0 0
Adsorbate-atom-fixed:    61 0       0 0 0
Adsorbate-atom-fixed:    62 0       0 0 0
Adsorbate-atom-fixed:    63 0       0 0 0
Adsorbate-atom-fixed:    64 0       0 0 0
Adsorbate-atom-fixed:    65 0       0 0 0
Adsorbate-atom-fixed:    66 0       0 0 0
Adsorbate-atom-fixed:    67 0       0 0 0
Adsorbate-atom-fixed:    68 0       0 0 0
Adsorbate-atom-fixed:    69 0       0 0 0
Adsorbate-atom-fixed:    70 0       0 0 0
Adsorbate-atom-fixed:    71 0       0 0 0
Adsorbate-atom-fixed:    72 0       0 0 0
Adsorbate-atom-fixed:    73 0       0 0 0
Adsorbate-atom-fixed:    74 0       0 0 0
Adsorbate-atom-fixed:    75 0       0 0 0
Adsorbate-atom-fixed:    76 0       0 0 0
Adsorbate-atom-fixed:    77 0       0 0 0
Adsorbate-atom-fixed:    78 0       0 0 0
Adsorbate-atom-fixed:    79 0       0 0 0
Adsorbate-atom-fixed:    80 0       0 0 0
Adsorbate-atom-fixed:    81 0       0 0 0
Adsorbate-atom-fixed:    82 0       0 0 0
Adsorbate-atom-fixed:    83 0       0 0 0
Adsorbate-atom-fixed:    84 0       0 0 0
Adsorbate-atom-fixed:    85 0       0 0 0
Adsorbate-atom-fixed:    86 0       0 0 0
Adsorbate-atom-fixed:    87 0       0 0 0
Adsorbate-atom-fixed:    88 0       0 0 0
Adsorbate-atom-fixed:    89 0       0 0 0
Adsorbate-atom-fixed:    90 0       0 0 0
Adsorbate-atom-fixed:    91 0       0 0 0
Adsorbate-atom-fixed:    92 0       0 0 0
Adsorbate-atom-fixed:    93 0       0 0 0
Adsorbate-atom-fixed:    94 0       0 0 0
Adsorbate-atom-fixed:    95 0       0 0 0
Adsorbate-atom-fixed:    96 0       0 0 0
Adsorbate-atom-fixed:    97 0       0 0 0
Adsorbate-atom-fixed:    98 0       0 0 0
Adsorbate-atom-fixed:    99 0       0 0 0
Adsorbate-atom-fixed:    100 0       0 0 0
Adsorbate-atom-fixed:    101 0       0 0 0
Adsorbate-atom-fixed:    102 0       0 0 0
Adsorbate-atom-fixed:    103 0       0 0 0
Adsorbate-atom-fixed:    104 0       0 0 0
Adsorbate-atom-fixed:    105 0       0 0 0
Adsorbate-atom-fixed:    106 0       0 0 0
Adsorbate-atom-fixed:    107 0       0 0 0
Adsorbate-atom-fixed:    108 0       0 0 0
Adsorbate-atom-fixed:    109 0       0 0 0
Adsorbate-atom-fixed:    110 0       0 0 0
Adsorbate-atom-fixed:    111 0       0 0 0
Adsorbate-atom-fixed:    112 0       0 0 0
Adsorbate-atom-fixed:    113 0       0 0 0
Adsorbate-atom-fixed:    114 0       0 0 0
Adsorbate-atom-fixed:    115 0       0 0 0
Adsorbate-atom-fixed:    116 0       0 0 0
Adsorbate-atom-fixed:    117 0       0 0 0
Adsorbate-atom-fixed:    118 0       0 0 0
Adsorbate-atom-fixed:    119 0       0 0 0
Adsorbate-atom-fixed:    120 0       0 0 0
Adsorbate-atom-fixed:    121 0       0 0 0
Adsorbate-atom-fixed:    122 0       0 0 0
Adsorbate-atom-fixed:    123 0       0 0 0
Adsorbate-atom-fixed:    124 0       0 0 0
Adsorbate-atom-fixed:    125 0       0 0 0
Adsorbate-atom-fixed:    126 0       0 0 0
Adsorbate-atom-fixed:    127 0       0 0 0
Adsorbate-atom-fixed:    128 0       0 0 0
Adsorbate-atom-fixed:    129 0       0 0 0
Adsorbate-atom-fixed:    130 0       0 0 0
Adsorbate-atom-fixed:    131 0       0 0 0
Adsorbate-atom-fixed:    132 0       0 0 0
Adsorbate-atom-fixed:    133 0       0 0 0
Adsorbate-atom-fixed:    134 0       0 0 0
Adsorbate-atom-fixed:    135 0       0 0 0
Adsorbate-atom-fixed:    136 0       0 0 0
Adsorbate-atom-fixed:    137 0       0 0 0
Adsorbate-atom-fixed:    138 0       0 0 0
Adsorbate-atom-fixed:    139 0       0 0 0
Adsorbate-atom-fixed:    140 0       0 0 0
Adsorbate-atom-fixed:    141 0       0 0 0
Adsorbate-atom-fixed:    142 0       0 0 0
Adsorbate-atom-fixed:    143 0       0 0 0
Adsorbate-atom-fixed:    144 0       0 0 0
Adsorbate-atom-fixed:    145 0       0 0 0
Adsorbate-atom-fixed:    146 0       0 0 0
Adsorbate-atom-fixed:    147 0       0 0 0
Adsorbate-atom-fixed:    148 0       0 0 0
Adsorbate-atom-fixed:    149 0       0 0 0
Adsorbate-atom-fixed:    150 0       0 0 0
Adsorbate-atom-fixed:    151 0       0 0 0
Adsorbate-atom-fixed:    152 0       0 0 0
Adsorbate-atom-fixed:    153 0       0 0 0
Adsorbate-atom-fixed:    154 0       0 0 0
Adsorbate-atom-fixed:    155 0       0 0 0
Adsorbate-atom-fixed:    156 0       0 0 0
Adsorbate-atom-fixed:    157 0       0 0 0
Adsorbate-atom-fixed:    158 0       0 0 0
Adsorbate-atom-fixed:    159 0       0 0 0
Adsorbate-atom-fixed:    160 0       0 0 0
Adsorbate-atom-fixed:    161 0       0 0 0
Adsorbate-atom-fixed:    162 0       0 0 0
Adsorbate-atom-fixed:    163 0       0 0 0
Adsorbate-atom-fixed:    164 0       0 0 0
Adsorbate-atom-fixed:    165 0       0 0 0
Adsorbate-atom-fixed:    166 0       0 0 0
Adsorbate-atom-fixed:    167 0       0 0 0
Adsorbate-atom-fixed:    168 0       0 0 0
Adsorbate-atom-fixed:    169 0       0 0 0
Adsorbate-atom-fixed:    170 0       0 0 0
Adsorbate-atom-fixed:    171 0       0 0 0
Adsorbate-atom-fixed:    172 0       0 0 0
Adsorbate-atom-fixed:    173 0       0 0 0
Adsorbate-atom-fixed:    174 0       0 0 0
Adsorbate-atom-fixed:    175 0       0 0 0
Adsorbate-atom-fixed:    176 0       0 0 0
Adsorbate-atom-fixed:    177 0       0 0 0
Adsorbate-atom-fixed:    178 0       0 0 0
Adsorbate-atom-fixed:    179 0       0 0 0
Adsorbate-atom-fixed:    180 0       0 0 0
Adsorbate-atom-fixed:    181 0       0 0 0
Adsorbate-atom-fixed:    182 0       0 0 0
Adsorbate-atom-fixed:    183 0       0 0 0
Adsorbate-atom-fixed:    184 0       0 0 0
Adsorbate-atom-fixed:    185 0       0 0 0
Adsorbate-atom-fixed:    186 0       0 0 0
Adsorbate-atom-fixed:    187 0       0 0 0
Adsorbate-atom-fixed:    188 0       0 0 0
Adsorbate-atom-fixed:    189 0       0 0 0
Adsorbate-atom-fixed:    190 0       0 0 0
Adsorbate-atom-fixed:    191 0       0 0 0
Adsorbate-atom-fixed:    192 0       0 0 0
Adsorbate-atom-fixed:    193 0       0 0 0
Adsorbate-atom-fixed:    194 0       0 0 0
Adsorbate-atom-fixed:    195 0       0 0 0
Adsorbate-atom-fixed:    196 0       0 0 0
Adsorbate-atom-fixed:    197 0       0 0 0
Adsorbate-atom-fixed:    198 0       0 0 0
Adsorbate-atom-fixed:    199 0       0 0 0
Adsorbate-atom-fixed:    200 0       0 0 0


