Cell info:
========================================================================
number-of-unit-cells: 1 1 1
unit-cell-vector-a:    46.723700000000     0.000000000000     0.000000000000
unit-cell-vector-b:     0.000000000000    46.723700000000     0.000000000000
unit-cell-vector-c:     0.000000000000     0.000000000000    46.723700000000

cell-vector-a:    46.723700000000     0.000000000000     0.000000000000
cell-vector-b:     0.000000000000    46.723700000000     0.000000000000
cell-vector-c:     0.000000000000     0.000000000000    46.723700000000

cell-lengths:    46.723700000000    46.723700000000    46.723700000000
cell-angles:    90.000000000000    90.000000000000    90.000000000000


Maximum changes for MC-moves:
========================================================================
Maximum-volume-change: 0.000500
Maximum-Gibbs-volume-change: 0.000500
Maximum-box-shape-change: 0.100000 0.100000 0.100000, 0.100000 0.100000 0.100000, 0.100000 0.100000 0.100000


Acceptance targets for MC-moves:
========================================================================
Target-volume-change: 0.500000
Target-box-shape-change: 0.500000
Target-Gibbs-volume-change: 0.500000


Components: 1 (Adsorbates 162, Cations 0)
========================================================================
	Maximum-translation-change component 0: 0.880006,0.876066,0.884191
	Maximum-translation-in-plane-change component 0: 0.000000,0.000000,0.000000
	Maximum-rotation-change component 0: 0.017453 0.017453 0.017453

Reactions: 0

Component: 0     Adsorbate    162 molecules of methane
------------------------------------------------------------------------
Adsorbate-atom-position: 0 0    26.992887573747    27.210400897204    37.707904804095
Adsorbate-atom-position: 1 0    36.286317023322    19.799251343685    26.573997280764
Adsorbate-atom-position: 2 0    31.720386094131    42.342279324736    27.605434761871
Adsorbate-atom-position: 3 0    19.054415141566    39.786288349281    15.635206090193
Adsorbate-atom-position: 4 0    43.007488066789    27.037692433937    33.080638372296
Adsorbate-atom-position: 5 0    20.992690359655    18.534606059966     2.378524707423
Adsorbate-atom-position: 6 0    20.516314887785     2.819394935703    18.154601209309
Adsorbate-atom-position: 7 0    26.856304580213     8.451085133110    17.314635486839
Adsorbate-atom-position: 8 0    15.899199799662     3.607472626568    27.133905745758
Adsorbate-atom-position: 9 0    43.679505877554    29.293150867976    26.780898487931
Adsorbate-atom-position: 10 0    42.287852102058    25.731383290800    25.590526421171
Adsorbate-atom-position: 11 0     6.363425255956     6.694648078147     4.147337690909
Adsorbate-atom-position: 12 0    41.938396572367     2.614638964678     2.802588378908
Adsorbate-atom-position: 13 0    17.320129566799    43.641549716433    20.091523116661
Adsorbate-atom-position: 14 0     2.440115964727    19.669207684900    25.669034638973
Adsorbate-atom-position: 15 0    31.400522330363     5.944951610333    26.796409933930
Adsorbate-atom-position: 16 0    18.827593723241    26.622088608500    43.449845443295
Adsorbate-atom-position: 17 0     4.251454286287     3.041847458353     2.627339753247
Adsorbate-atom-position: 18 0    21.553747897168    20.500172187005    43.508167813042
Adsorbate-atom-position: 19 0    27.243342960954    31.815298370074     3.477653109762
Adsorbate-atom-position: 20 0    27.211609338290    19.414848931215     7.487288031327
Adsorbate-atom-position: 21 0     5.105175359568     7.660899078079    42.959009396370
Adsorbate-atom-position: 22 0    45.931369724544    19.756722700751    22.933571942310
Adsorbate-atom-position: 23 0    27.212152423581    30.781902871917    42.759935340267
Adsorbate-atom-position: 24 0     6.235082477508    43.590639885264    43.300974133989
Adsorbate-atom-position: 25 0    19.911239134542     4.782290261246    27.228998244479
Adsorbate-atom-position: 26 0     6.477723079723    30.127365621735    19.462629633314
Adsorbate-atom-position: 27 0    46.338114063018    25.862690046048    26.819961005134
Adsorbate-atom-position: 28 0    42.785985010230    42.680376973642    38.599098119916
Adsorbate-atom-position: 29 0     3.500487342563    20.053333897264    29.577954029928
Adsorbate-atom-position: 30 0     4.117577203464    19.818750280875    16.285160711723
Adsorbate-atom-position: 31 0    26.976932853192    43.329441145703    30.154795752122
Adsorbate-atom-position: 32 0    40.590340398864     8.768820295495     3.890627821746
Adsorbate-atom-position: 33 0    27.766742540576    26.160962692225     2.457710140130
Adsorbate-atom-position: 34 0    43.256704240281     3.884633847410     6.480273481193
Adsorbate-atom-position: 35 0    26.147105351597    43.451696759784    23.156653141595
Adsorbate-atom-position: 36 0    15.453062253205     3.826653501579    18.638343992563
Adsorbate-atom-position: 37 0     5.992322559135    43.180555813964     3.711275783222
Adsorbate-atom-position: 38 0    24.990144293075    44.945573123522    26.850400268537
Adsorbate-atom-position: 39 0     0.474767380095    45.689985158033    43.120270133937
Adsorbate-atom-position: 40 0     3.017035365537    29.311538863905    20.153165266172
Adsorbate-atom-position: 41 0     3.000301505997    28.309726616336    26.296645816492
Adsorbate-atom-position: 42 0     7.759289462789    19.582989301651    19.757763539385
Adsorbate-atom-position: 43 0    19.588689518952     7.524063035110    19.448032588873
Adsorbate-atom-position: 44 0    40.756963863755    38.450862027118    42.733492823032
Adsorbate-atom-position: 45 0    43.104019496831     6.230018185307    43.274827563289
Adsorbate-atom-position: 46 0    19.742514284935    39.150998734786    27.333689766170
Adsorbate-atom-position: 47 0     6.828095101732    43.084961005210    39.081915785297
Adsorbate-atom-position: 48 0     3.779910479416    16.131150204637    19.758169456611
Adsorbate-atom-position: 49 0    26.523437616300    21.674945032494     3.837874964893
Adsorbate-atom-position: 50 0    42.855383915714    19.810198694151    28.895028509546
Adsorbate-atom-position: 51 0    15.122776202760    27.107705733561    42.663221444946
Adsorbate-atom-position: 52 0     0.016695605108    43.276512299150    46.236806178063
Adsorbate-atom-position: 53 0     9.778104887113     3.594624883202     3.668692006403
Adsorbate-atom-position: 54 0    27.221301681724    21.802598532387    44.922779577130
Adsorbate-atom-position: 55 0     3.644885427252    43.006260458824     7.155746484632
Adsorbate-atom-position: 56 0     6.950835199750     3.661924888449    43.045565172870
Adsorbate-atom-position: 57 0    22.887473302196    27.319836324772    45.302129608255
Adsorbate-atom-position: 58 0    19.576309458811    30.428949806555    42.936448151509
Adsorbate-atom-position: 59 0     7.123356403438    26.760014687877    27.058528357690
Adsorbate-atom-position: 60 0     2.693023318805    41.729277867981    43.689643066949
Adsorbate-atom-position: 61 0     3.519911538150    37.572772827028    42.068314007113
Adsorbate-atom-position: 62 0    43.565558668856    42.169370189841    44.180849927740
Adsorbate-atom-position: 63 0    39.794130102500     3.562869227360    43.380851794482
Adsorbate-atom-position: 64 0    27.128785706318     3.740069341003    16.025717569891
Adsorbate-atom-position: 65 0    29.953919421190     3.180130518069    19.669546099177
Adsorbate-atom-position: 66 0    30.766707442507    29.790938614558     3.951756413691
Adsorbate-atom-position: 67 0     5.591428124434    31.348644424067    27.394553394555
Adsorbate-atom-position: 68 0    38.297967766580    27.654950295403    19.625306069063
Adsorbate-atom-position: 69 0    42.792116781148    44.398363842505     1.108309495698
Adsorbate-atom-position: 70 0    43.354135330359    42.921446925782     7.721219916021
Adsorbate-atom-position: 71 0    43.015487726722    25.429296575880    20.180940159884
Adsorbate-atom-position: 72 0    19.758971185274    28.470741268943     5.941310872724
Adsorbate-atom-position: 73 0     8.507218868365    26.982326873634    19.177973890974
Adsorbate-atom-position: 74 0    22.421305398951    43.645792092697    20.372697619321
Adsorbate-atom-position: 75 0    18.739526200792    40.364572369029    32.283286000782
Adsorbate-atom-position: 76 0    26.880085793711    38.795668566971    29.837302150165
Adsorbate-atom-position: 77 0    42.557280020917    16.808212158815    32.239474217512
Adsorbate-atom-position: 78 0    27.118062137120     3.564087385606    32.032344681085
Adsorbate-atom-position: 79 0     5.140652034659    27.323832983646    16.731179325501
Adsorbate-atom-position: 80 0    39.888076374761     3.723988475248     8.426824823035
Adsorbate-atom-position: 81 0    42.948521805421    33.978077061199    19.443142169393
Adsorbate-atom-position: 82 0    38.698127902719    27.015990973954    27.488946414126
Adsorbate-atom-position: 83 0    43.056994341263    29.596553194639    20.115326837550
Adsorbate-atom-position: 84 0    29.349998269482    43.465011281785    20.245957434618
Adsorbate-atom-position: 85 0    26.337271101556    17.779959979891    43.711489062558
Adsorbate-atom-position: 86 0    39.299697123173    42.708284057000    42.811018734973
Adsorbate-atom-position: 87 0     3.575612729281    24.794234330944    24.352683221896
Adsorbate-atom-position: 88 0    43.395679916870     6.086782938039     3.253304934677
Adsorbate-atom-position: 89 0    42.630447204551    15.831477297527    19.142744281204
Adsorbate-atom-position: 90 0    38.712258728468     4.888106644125     4.450793775894
Adsorbate-atom-position: 91 0    19.662700715486    19.881298060660     7.016116953732
Adsorbate-atom-position: 92 0    42.724371058618    19.421008761881    15.304209201029
Adsorbate-atom-position: 93 0     4.076720625411    19.865302206196    21.150225718910
Adsorbate-atom-position: 94 0    26.769226974727    41.487111449696    26.786067464640
Adsorbate-atom-position: 95 0    -0.085156968393    23.474731832778    20.453722507132
Adsorbate-atom-position: 96 0    27.293964597288    27.065395284624    44.376312393137
Adsorbate-atom-position: 97 0    23.988520534508    19.687608986425    46.394859598168
Adsorbate-atom-position: 98 0    45.144575464751     3.681807840759    45.297466029017
Adsorbate-atom-position: 99 0    30.297968283471    19.644686572472    42.728924078914
Adsorbate-atom-position: 100 0    25.563410771778     3.639428312178    24.191290675306
Adsorbate-atom-position: 101 0    18.382874875570    15.423106252013    41.750293608432
Adsorbate-atom-position: 102 0    26.123560047554     2.422383264192    28.218379327261
Adsorbate-atom-position: 103 0    20.072645050522    43.236201401997    17.394906672840
Adsorbate-atom-position: 104 0    16.286098908695    19.696913915667    42.821792374294
Adsorbate-atom-position: 105 0    42.919013102388     3.389245975315    40.578172454535
Adsorbate-atom-position: 106 0    16.052020348470    42.820134477172    16.480401923773
Adsorbate-atom-position: 107 0    20.141189919971    43.141962473725    29.407384035486
Adsorbate-atom-position: 108 0    27.030204104266    26.937749184642     7.125106897935
Adsorbate-atom-position: 109 0    20.395588169192    27.415475194688     2.228242941874
Adsorbate-atom-position: 110 0    19.805110381522    39.762181231109    19.559907358877
Adsorbate-atom-position: 111 0    42.616293859681    21.921683239975    25.383062360692
Adsorbate-atom-position: 112 0    42.897316502178     6.260892154087    10.407947031495
Adsorbate-atom-position: 113 0     2.604389275229     3.728703496687    45.981372622925
Adsorbate-atom-position: 114 0    42.515630547033    40.988938490375     3.643033901186
Adsorbate-atom-position: 115 0    27.319390556557    19.641105453414    39.727479148124
Adsorbate-atom-position: 116 0    46.214365253945    21.365464575505    26.632905029782
Adsorbate-atom-position: 117 0    26.487445083888    40.619391847797    19.932152250260
Adsorbate-atom-position: 118 0    26.841252033133    16.937472902406     3.996325502540
Adsorbate-atom-position: 119 0    42.369140744829    20.604074753289    20.622577685525
Adsorbate-atom-position: 120 0    30.200160236642    38.527616562696    27.352598099191
Adsorbate-atom-position: 121 0     3.700403561281    14.425589513898    27.165752437060
Adsorbate-atom-position: 122 0     2.419477378058    41.782109024575     2.928198718048
Adsorbate-atom-position: 123 0    42.999760037503    38.191937034151     6.539163765198
Adsorbate-atom-position: 124 0     6.159603573275    20.046036552578    26.899677338276
Adsorbate-atom-position: 125 0    43.675493615252     0.242616866812    44.419686603355
Adsorbate-atom-position: 126 0     3.739962509542     3.656076541774     7.806061683850
Adsorbate-atom-position: 127 0    19.413655442781    27.221761473422    39.400213856328
Adsorbate-atom-position: 128 0    19.376025748829     8.497562977241    27.784402683066
Adsorbate-atom-position: 129 0     3.739471141036    32.767556340495    19.471741315534
Adsorbate-atom-position: 130 0    19.431056686033    32.029491248674     3.754905127263
Adsorbate-atom-position: 131 0    46.293998542991    27.042283951765    22.890684484065
Adsorbate-atom-position: 132 0    19.646393690209     5.860297792705    15.000584594107
Adsorbate-atom-position: 133 0    46.336713120755     0.742778519515     3.953333949099
Adsorbate-atom-position: 134 0    27.455088066759    42.629417435931    16.413164704586
Adsorbate-atom-position: 135 0    42.461607593065    15.323986394316    26.982025428479
Adsorbate-atom-position: 136 0     3.961249835025    25.620561134447    20.367783624408
Adsorbate-atom-position: 137 0    27.140022824194     6.412735997342    29.053832360759
Adsorbate-atom-position: 138 0     6.198478716150    39.688110724603    43.275760820198
Adsorbate-atom-position: 139 0     2.969568824677     4.271854561277    41.637206104860
Adsorbate-atom-position: 140 0     7.425912522000     3.537908102445     6.691845130678
Adsorbate-atom-position: 141 0     3.672010152935     3.577646043508    37.400194264487
Adsorbate-atom-position: 142 0    25.862147516105     4.534919709437    20.504517745702
Adsorbate-atom-position: 143 0    19.278909961784    19.540655872748    39.007353538091
Adsorbate-atom-position: 144 0    31.148802652401    26.989306397836    42.202587613016
Adsorbate-atom-position: 145 0     3.705878139632    45.761834672080     1.443516277173
Adsorbate-atom-position: 146 0    26.934168303226    12.554850204330    43.118471473085
Adsorbate-atom-position: 147 0    23.271199863910    24.220835128391    43.082208949001
Adsorbate-atom-position: 148 0    30.855754735237    40.613888363667    18.309011799966
Adsorbate-atom-position: 149 0     3.573227535652    37.623844487774     3.860303137243
Adsorbate-atom-position: 150 0    42.911729841131    12.033364362975    20.254826568147
Adsorbate-atom-position: 151 0    19.375521735378    47.295984659042    21.743234990468
Adsorbate-atom-position: 152 0    14.019425997935    14.232534914392    24.691276815573
Adsorbate-atom-position: 153 0    25.954103167390    47.342800432554    19.656301125068
Adsorbate-atom-position: 154 0     0.753755975561    10.082283069528    15.176896709843
Adsorbate-atom-position: 155 0    26.529293396471    13.280318392153     3.526517807041
Adsorbate-atom-position: 156 0    38.140185354274    40.541689942331     4.522056389802
Adsorbate-atom-position: 157 0    17.097057102816    43.634888598452    26.267750869103
Adsorbate-atom-position: 158 0    29.678018024209    15.429306119252    43.050081696352
Adsorbate-atom-position: 159 0    39.297937319696    31.536107149510    19.193840628138
Adsorbate-atom-position: 160 0     9.452829867919    19.678022310939    28.457128662754
Adsorbate-atom-position: 161 0    16.808654604856    20.031629228646     3.684587252570
Adsorbate-atom-velocity: 0 0     3.685051616806     1.124028757096     2.575430201422
Adsorbate-atom-velocity: 1 0    -5.009900940309    -3.481980480906    -2.820056720530
Adsorbate-atom-velocity: 2 0     0.184020931768     1.284424796927     0.506188211014
Adsorbate-atom-velocity: 3 0    -2.181464716217    -1.272041438470     5.487219968022
Adsorbate-atom-velocity: 4 0    -2.904800219639     3.782766784097    -1.703639040223
Adsorbate-atom-velocity: 5 0    -0.058539699956     0.992788815029     2.677160489037
Adsorbate-atom-velocity: 6 0     2.221551201231    -0.754572687586     0.224124131680
Adsorbate-atom-velocity: 7 0    -0.372832218556    -2.098671535247     0.398454035329
Adsorbate-atom-velocity: 8 0     0.561246143668    -3.661368473749    -2.826791044833
Adsorbate-atom-velocity: 9 0     3.932148675859    -3.615893600559    -0.725663041855
Adsorbate-atom-velocity: 10 0     2.837451232064     3.316959140557     1.006413625351
Adsorbate-atom-velocity: 11 0     2.992446510681    -1.099087561377    -1.737946315476
Adsorbate-atom-velocity: 12 0    -0.964711600080    -0.210958043497     1.094022719508
Adsorbate-atom-velocity: 13 0    -0.011300156828     3.888008847683    -3.044669891270
Adsorbate-atom-velocity: 14 0     0.099590144969     1.327492182814     6.508532246727
Adsorbate-atom-velocity: 15 0     2.376545968170    -4.262406393970     0.152457405404
Adsorbate-atom-velocity: 16 0    -0.009855320917     1.534413958070    -2.565102521214
Adsorbate-atom-velocity: 17 0    -0.641347653934     2.756031368521     3.678133610663
Adsorbate-atom-velocity: 18 0    -1.124554199503     3.182391523023     0.763060281695
Adsorbate-atom-velocity: 19 0     1.462820334797    -2.027919003593    -1.202117221932
Adsorbate-atom-velocity: 20 0     5.232894088470    -1.887694544698     5.800927772205
Adsorbate-atom-velocity: 21 0    -3.127310203732     3.814289621292     3.250112818831
Adsorbate-atom-velocity: 22 0     2.718430198083     1.133559823865    -2.006560519241
Adsorbate-atom-velocity: 23 0     3.203079078059     0.246897718350     0.223743431034
Adsorbate-atom-velocity: 24 0    -4.002377823285    -2.201844031884     2.416954763124
Adsorbate-atom-velocity: 25 0    -1.974464975571    -1.916946936494    -2.420788261190
Adsorbate-atom-velocity: 26 0    -0.094697756573    -3.533084667368     0.431830010748
Adsorbate-atom-velocity: 27 0     0.237150167395     1.602117279396     0.781719316420
Adsorbate-atom-velocity: 28 0     0.446906112400     0.144729644405    -2.407976511877
Adsorbate-atom-velocity: 29 0     1.448740030685    -0.184298211974     0.592419293339
Adsorbate-atom-velocity: 30 0    -0.164893728750     1.056686612204     0.057099171467
Adsorbate-atom-velocity: 31 0     0.655442008401    -0.284680648768    -0.673465120837
Adsorbate-atom-velocity: 32 0     0.703918390928     1.968500879388     1.987109758008
Adsorbate-atom-velocity: 33 0    -2.318040614893     2.861492077259     1.190178298624
Adsorbate-atom-velocity: 34 0    -2.138818234991     3.147220296304    -0.024602816551
Adsorbate-atom-velocity: 35 0    -2.762159800737    -2.800730446334     3.148498917151
Adsorbate-atom-velocity: 36 0    -0.974946275661     1.202768671465     2.261726636708
Adsorbate-atom-velocity: 37 0     0.109793713599     0.715185685101     5.742052990195
Adsorbate-atom-velocity: 38 0    -2.243550955720    -2.573112039813     1.515338068660
Adsorbate-atom-velocity: 39 0    -1.552107870992    -3.206116942126    -2.172642857783
Adsorbate-atom-velocity: 40 0     7.236407301016    -5.004925337241     2.384197180315
Adsorbate-atom-velocity: 41 0    -1.620540873872    -0.716567813680     0.040565255363
Adsorbate-atom-velocity: 42 0    -0.745351894154     1.178060687140     0.910037254007
Adsorbate-atom-velocity: 43 0    -1.898986726142     2.780987840858     0.136833861771
Adsorbate-atom-velocity: 44 0     0.568820431190     0.531289388250    -0.943295402100
Adsorbate-atom-velocity: 45 0    -1.655737351883    -2.411365963715     0.237434150553
Adsorbate-atom-velocity: 46 0     1.104110820590     0.942756112047    -0.843600644379
Adsorbate-atom-velocity: 47 0    -0.359552119065     1.821977961289    -0.571681341260
Adsorbate-atom-velocity: 48 0    -2.891943567175     1.228442671275    -0.869013203545
Adsorbate-atom-velocity: 49 0     5.732028610957    -0.776322179621     0.206108822572
Adsorbate-atom-velocity: 50 0    -1.342430865453    -1.066955343042     1.613323492230
Adsorbate-atom-velocity: 51 0    -0.524308022773     0.719379229318    -1.963153230635
Adsorbate-atom-velocity: 52 0     0.336234510193    -1.317231093501    -0.898815915051
Adsorbate-atom-velocity: 53 0     1.559568803540     1.444290071518     4.396152457142
Adsorbate-atom-velocity: 54 0     1.347803793166     2.164854494644    -1.242871973798
Adsorbate-atom-velocity: 55 0     3.163191615927     2.482152828989    -1.229615122952
Adsorbate-atom-velocity: 56 0    -3.049600153104     3.487268894871     1.734500946981
Adsorbate-atom-velocity: 57 0    -2.023064352661    -3.899750860092    -3.329167571276
Adsorbate-atom-velocity: 58 0     0.590479181384    -4.016212030936    -4.894221873999
Adsorbate-atom-velocity: 59 0    -2.766317969936     0.746312472577    -4.439061714661
Adsorbate-atom-velocity: 60 0    -0.214332273370     4.467013003727    -2.320254251007
Adsorbate-atom-velocity: 61 0    -2.832352048711    -0.324787385906     1.508386206036
Adsorbate-atom-velocity: 62 0     0.815360663159     0.960418929886    -0.800467112577
Adsorbate-atom-velocity: 63 0    -1.179916363513    -0.322605644288     0.287036732101
Adsorbate-atom-velocity: 64 0    -2.079538866543    -1.860479505354    -0.856136674828
Adsorbate-atom-velocity: 65 0     4.082680016780     1.681514411908     1.239207946999
Adsorbate-atom-velocity: 66 0    -3.565730048382     3.046538805427    -1.011783931009
Adsorbate-atom-velocity: 67 0    -2.058238986073    -2.439562269097     5.416635738215
Adsorbate-atom-velocity: 68 0     4.737449649215    -3.795821862510    -2.811354484517
Adsorbate-atom-velocity: 69 0    -4.822783514967    -2.510013718010     0.067418455512
Adsorbate-atom-velocity: 70 0     3.661241375026     0.842917358412    -0.084656580424
Adsorbate-atom-velocity: 71 0    -4.208713303957     1.155572423840     1.507157388107
Adsorbate-atom-velocity: 72 0    -1.048391823002     0.141713309720    -0.713073047165
Adsorbate-atom-velocity: 73 0     0.300598394811     3.748384485394    -0.625460791966
Adsorbate-atom-velocity: 74 0    -1.207383032371    -0.371277030766     0.954953415474
Adsorbate-atom-velocity: 75 0    -0.785904272906    -0.251089022498    -3.246219689215
Adsorbate-atom-velocity: 76 0     1.445396269398     1.235391419344     0.136698647483
Adsorbate-atom-velocity: 77 0    -3.747389541743     1.285315519124     2.964265824237
Adsorbate-atom-velocity: 78 0    -0.617724013714    -6.137938827539    -0.117389541193
Adsorbate-atom-velocity: 79 0    -0.963271299088     1.030319131031    -1.506925313266
Adsorbate-atom-velocity: 80 0     0.367516780815     1.742845172441    -3.746882646251
Adsorbate-atom-velocity: 81 0    -4.339304289444    -0.466750646177    -1.589263964607
Adsorbate-atom-velocity: 82 0     0.586792025323    -1.546928522234     1.244356536249
Adsorbate-atom-velocity: 83 0    -1.964482195046    -1.347173721097    -0.496037074688
Adsorbate-atom-velocity: 84 0    -1.505532781564    -1.670074953851     0.216783167664
Adsorbate-atom-velocity: 85 0    -1.771596142580    -0.581433597160    -0.799788760344
Adsorbate-atom-velocity: 86 0     0.074496529540    -0.978980991286     0.166331236767
Adsorbate-atom-velocity: 87 0     0.226031749909     0.112927026112     1.690956918274
Adsorbate-atom-velocity: 88 0    -0.263348214500     0.882884892025    -0.463447395468
Adsorbate-atom-velocity: 89 0     0.049121022465    -3.635607749590     1.238692442657
Adsorbate-atom-velocity: 90 0     1.745485935148     0.700127966566     0.816868082652
Adsorbate-atom-velocity: 91 0    -3.304910777174     0.513018647526     1.980948811620
Adsorbate-atom-velocity: 92 0    -3.888211383351    -2.732507584325     0.716858666895
Adsorbate-atom-velocity: 93 0    -0.687616812513     1.215367716397    -0.285320511958
Adsorbate-atom-velocity: 94 0    -0.848107633418     0.054586632837     7.202111458150
Adsorbate-atom-velocity: 95 0    -5.384806157500     3.421178772269    -3.830837329134
Adsorbate-atom-velocity: 96 0    -0.756891510145     2.127030321790    -0.806322904255
Adsorbate-atom-velocity: 97 0     1.454438907021    -0.459194446823    -2.021665648068
Adsorbate-atom-velocity: 98 0    -0.516418683897     1.776607376815    -1.349773136457
Adsorbate-atom-velocity: 99 0     2.553581039435     5.499462725804     2.361277667622
Adsorbate-atom-velocity: 100 0     1.193814508114     3.266400206341     3.696105532481
Adsorbate-atom-velocity: 101 0     3.621228022886    -0.148468970799     4.523020519978
Adsorbate-atom-velocity: 102 0     2.314218525747     1.654260939603    -1.075938824656
Adsorbate-atom-velocity: 103 0    -2.547792554650    -6.416141921285    -1.335027680512
Adsorbate-atom-velocity: 104 0     2.864010663573     5.187071334530    -1.266666957146
Adsorbate-atom-velocity: 105 0     1.537535595432     0.283322563695    -2.495429676176
Adsorbate-atom-velocity: 106 0    -2.291370338363     1.157824079454     5.166196592412
Adsorbate-atom-velocity: 107 0    -3.543271504753    -0.770365082401    -3.538963117295
Adsorbate-atom-velocity: 108 0     0.301873018021     0.904134272039    -2.530251203351
Adsorbate-atom-velocity: 109 0    -0.510682421800    -0.139406460744     3.892845889419
Adsorbate-atom-velocity: 110 0    -6.949686370994     0.012299013662    -4.699518205572
Adsorbate-atom-velocity: 111 0     0.224536149228    -2.992050319254     2.557466582095
Adsorbate-atom-velocity: 112 0    -2.158361238665     2.926055435571    -0.707027300200
Adsorbate-atom-velocity: 113 0    -2.048072925153    -2.662621545724     2.475272978588
Adsorbate-atom-velocity: 114 0     2.322044015919     3.195457570095     3.316828150992
Adsorbate-atom-velocity: 115 0    -2.510096067052    -1.819903485745     1.423870806563
Adsorbate-atom-velocity: 116 0    -2.688646631267     0.673484288917     2.534377391551
Adsorbate-atom-velocity: 117 0    -2.974956267518    -0.260568737477    -3.542635405377
Adsorbate-atom-velocity: 118 0    -0.514748861419    -1.566726543534     2.841013195892
Adsorbate-atom-velocity: 119 0    -3.339519069810     3.489746782769     4.556808493649
Adsorbate-atom-velocity: 120 0    -0.642800099009     1.881141006139     1.650716030596
Adsorbate-atom-velocity: 121 0    -4.648042065281    -1.604672919517     2.433152127277
Adsorbate-atom-velocity: 122 0     0.171390996025    -0.959049109171    -1.138598672011
Adsorbate-atom-velocity: 123 0    -0.618875498623     0.533452964760    -1.075227881397
Adsorbate-atom-velocity: 124 0    -1.535591002637    -3.866530968357    -5.414557261878
Adsorbate-atom-velocity: 125 0     2.292161358996    -3.968561867586     3.433944821972
Adsorbate-atom-velocity: 126 0     0.499432831511    -0.715464754225     2.112213040185
Adsorbate-atom-velocity: 127 0     2.244839973293    -1.730028683251     0.900797544130
Adsorbate-atom-velocity: 128 0    -3.079944257767     2.885797900752     1.138149461714
Adsorbate-atom-velocity: 129 0    -2.238964519187    -1.618477423349    -0.798057777004
Adsorbate-atom-velocity: 130 0     3.078794516258    -0.364463270952     1.500321992057
Adsorbate-atom-velocity: 131 0     0.853329844297     2.106618515282    -2.884542680465
Adsorbate-atom-velocity: 132 0     2.048213545380    -0.180775450864     1.195143538179
Adsorbate-atom-velocity: 133 0    -2.487293938518     0.582653409790    -3.740320661631
Adsorbate-atom-velocity: 134 0    -2.604690882103     1.308538847285     0.263159959126
Adsorbate-atom-velocity: 135 0    -1.017739333448    -1.103562374552     1.901042555487
Adsorbate-atom-velocity: 136 0    -1.954341676823    -0.428052244254    -5.470506059225
Adsorbate-atom-velocity: 137 0    -0.497259698174    -0.751037216219    -3.289737931387
Adsorbate-atom-velocity: 138 0    -2.094257656966    -2.911231656415    -1.324071291191
Adsorbate-atom-velocity: 139 0    -3.401697580492    -1.376166105793     0.854954848514
Adsorbate-atom-velocity: 140 0    -0.077277299206     1.681243893040    -4.912934604421
Adsorbate-atom-velocity: 141 0     1.359955487780    -1.095369793202    -2.079088142351
Adsorbate-atom-velocity: 142 0    -2.039396960990     2.025239808466    -0.074695825454
Adsorbate-atom-velocity: 143 0     0.038478913028    -0.295184907203    -3.172051381722
Adsorbate-atom-velocity: 144 0     0.943713630076    -2.803742423631    -4.280829869783
Adsorbate-atom-velocity: 145 0    -2.599688948329     3.845398196567    -2.409112666453
Adsorbate-atom-velocity: 146 0     0.295271951924     0.364409990374     0.778523283384
Adsorbate-atom-velocity: 147 0    -1.347603397523     3.123164164498    -0.216793471403
Adsorbate-atom-velocity: 148 0    -0.990670436323     1.829392968620    -1.602657768055
Adsorbate-atom-velocity: 149 0     0.098249125717     0.746572175371    -1.011822838687
Adsorbate-atom-velocity: 150 0    -0.561476118240    -0.216898249565     2.476414574462
Adsorbate-atom-velocity: 151 0     3.400766530363    -1.481803322932     2.091420963517
Adsorbate-atom-velocity: 152 0     0.769095610682    -1.230855437403     0.065758256288
Adsorbate-atom-velocity: 153 0    -3.791469414307    -0.708479025354     1.374731237185
Adsorbate-atom-velocity: 154 0     3.606476316243     1.682298719398    -1.005920157652
Adsorbate-atom-velocity: 155 0    -1.059265091518    -1.536731351229     1.488637205765
Adsorbate-atom-velocity: 156 0     1.879739363659     3.997635133910    -2.662854129917
Adsorbate-atom-velocity: 157 0    -2.487020480292    -0.139918527317     1.181880542986
Adsorbate-atom-velocity: 158 0    -5.704400727085    -6.993509064180     3.431790857141
Adsorbate-atom-velocity: 159 0    -0.707611145765    -1.777418482282     0.384229103297
Adsorbate-atom-velocity: 160 0     2.509498473156    -0.643006702524    -4.097827421627
Adsorbate-atom-velocity: 161 0     1.269573650078     0.960373137208    -3.229903836375
Adsorbate-atom-force:    0 0     0.000000000000     0.000000000000     0.000000000000
Adsorbate-atom-force:    1 0     0.000000000000     0.000000000000     0.000000000000
Adsorbate-atom-force:    2 0     0.000000000000     0.000000000000     0.000000000000
Adsorbate-atom-force:    3 0     0.000000000000     0.000000000000     0.000000000000
Adsorbate-atom-force:    4 0     0.000000000000     0.000000000000     0.000000000000
Adsorbate-atom-force:    5 0     0.000000000000     0.000000000000     0.000000000000
Adsorbate-atom-force:    6 0     0.000000000000     0.000000000000     0.000000000000
Adsorbate-atom-force:    7 0     0.000000000000     0.000000000000     0.000000000000
Adsorbate-atom-force:    8 0     0.000000000000     0.000000000000     0.000000000000
Adsorbate-atom-force:    9 0     0.000000000000     0.000000000000     0.000000000000
Adsorbate-atom-force:    10 0     0.000000000000     0.000000000000     0.000000000000
Adsorbate-atom-force:    11 0     0.000000000000     0.000000000000     0.000000000000
Adsorbate-atom-force:    12 0     0.000000000000     0.000000000000     0.000000000000
Adsorbate-atom-force:    13 0     0.000000000000     0.000000000000     0.000000000000
Adsorbate-atom-force:    14 0     0.000000000000     0.000000000000     0.000000000000
Adsorbate-atom-force:    15 0     0.000000000000     0.000000000000     0.000000000000
Adsorbate-atom-force:    16 0     0.000000000000     0.000000000000     0.000000000000
Adsorbate-atom-force:    17 0     0.000000000000     0.000000000000     0.000000000000
Adsorbate-atom-force:    18 0     0.000000000000     0.000000000000     0.000000000000
Adsorbate-atom-force:    19 0     0.000000000000     0.000000000000     0.000000000000
Adsorbate-atom-force:    20 0     0.000000000000     0.000000000000     0.000000000000
Adsorbate-atom-force:    21 0     0.000000000000     0.000000000000     0.000000000000
Adsorbate-atom-force:    22 0     0.000000000000     0.000000000000     0.000000000000
Adsorbate-atom-force:    23 0     0.000000000000     0.000000000000     0.000000000000
Adsorbate-atom-force:    24 0     0.000000000000     0.000000000000     0.000000000000
Adsorbate-atom-force:    25 0     0.000000000000     0.000000000000     0.000000000000
Adsorbate-atom-force:    26 0     0.000000000000     0.000000000000     0.000000000000
Adsorbate-atom-force:    27 0     0.000000000000     0.000000000000     0.000000000000
Adsorbate-atom-force:    28 0     0.000000000000     0.000000000000     0.000000000000
Adsorbate-atom-force:    29 0     0.000000000000     0.000000000000     0.000000000000
Adsorbate-atom-force:    30 0     0.000000000000     0.000000000000     0.000000000000
Adsorbate-atom-force:    31 0     0.000000000000     0.000000000000     0.000000000000
Adsorbate-atom-force:    32 0     0.000000000000     0.000000000000     0.000000000000
Adsorbate-atom-force:    33 0     0.000000000000     0.000000000000     0.000000000000
Adsorbate-atom-force:    34 0     0.000000000000     0.000000000000     0.000000000000
Adsorbate-atom-force:    35 0     0.000000000000     0.000000000000     0.000000000000
Adsorbate-atom-force:    36 0     0.000000000000     0.000000000000     0.000000000000
Adsorbate-atom-force:    37 0     0.000000000000     0.000000000000     0.000000000000
Adsorbate-atom-force:    38 0     0.000000000000     0.000000000000     0.000000000000
Adsorbate-atom-force:    39 0     0.000000000000     0.000000000000     0.000000000000
Adsorbate-atom-force:    40 0     0.000000000000     0.000000000000     0.000000000000
Adsorbate-atom-force:    41 0     0.000000000000     0.000000000000     0.000000000000
Adsorbate-atom-force:    42 0     0.000000000000     0.000000000000     0.000000000000
Adsorbate-atom-force:    43 0     0.000000000000     0.000000000000     0.000000000000
Adsorbate-atom-force:    44 0     0.000000000000     0.000000000000     0.000000000000
Adsorbate-atom-force:    45 0     0.000000000000     0.000000000000     0.000000000000
Adsorbate-atom-force:    46 0     0.000000000000     0.000000000000     0.000000000000
Adsorbate-atom-force:    47 0     0.000000000000     0.000000000000     0.000000000000
Adsorbate-atom-force:    48 0     0.000000000000     0.000000000000     0.000000000000
Adsorbate-atom-force:    49 0     0.000000000000     0.000000000000     0.000000000000
Adsorbate-atom-force:    50 0     0.000000000000     0.000000000000     0.000000000000
Adsorbate-atom-force:    51 0     0.000000000000     0.000000000000     0.000000000000
Adsorbate-atom-force:    52 0     0.000000000000     0.000000000000     0.000000000000
Adsorbate-atom-force:    53 0     0.000000000000     0.000000000000     0.000000000000
Adsorbate-atom-force:    54 0     0.000000000000     0.000000000000     0.000000000000
Adsorbate-atom-force:    55 0     0.000000000000     0.000000000000     0.000000000000
Adsorbate-atom-force:    56 0     0.000000000000     0.000000000000     0.000000000000
Adsorbate-atom-force:    57 0     0.000000000000     0.000000000000     0.000000000000
Adsorbate-atom-force:    58 0     0.000000000000     0.000000000000     0.000000000000
Adsorbate-atom-force:    59 0     0.000000000000     0.000000000000     0.000000000000
Adsorbate-atom-force:    60 0     0.000000000000     0.000000000000     0.000000000000
Adsorbate-atom-force:    61 0     0.000000000000     0.000000000000     0.000000000000
Adsorbate-atom-force:    62 0     0.000000000000     0.000000000000     0.000000000000
Adsorbate-atom-force:    63 0     0.000000000000     0.000000000000     0.000000000000
Adsorbate-atom-force:    64 0     0.000000000000     0.000000000000     0.000000000000
Adsorbate-atom-force:    65 0     0.000000000000     0.000000000000     0.000000000000
Adsorbate-atom-force:    66 0     0.000000000000     0.000000000000     0.000000000000
Adsorbate-atom-force:    67 0     0.000000000000     0.000000000000     0.000000000000
Adsorbate-atom-force:    68 0     0.000000000000     0.000000000000     0.000000000000
Adsorbate-atom-force:    69 0     0.000000000000     0.000000000000     0.000000000000
Adsorbate-atom-force:    70 0     0.000000000000     0.000000000000     0.000000000000
Adsorbate-atom-force:    71 0     0.000000000000     0.000000000000     0.000000000000
Adsorbate-atom-force:    72 0     0.000000000000     0.000000000000     0.000000000000
Adsorbate-atom-force:    73 0     0.000000000000     0.000000000000     0.000000000000
Adsorbate-atom-force:    74 0     0.000000000000     0.000000000000     0.000000000000
Adsorbate-atom-force:    75 0     0.000000000000     0.000000000000     0.000000000000
Adsorbate-atom-force:    76 0     0.000000000000     0.000000000000     0.000000000000
Adsorbate-atom-force:    77 0     0.000000000000     0.000000000000     0.000000000000
Adsorbate-atom-force:    78 0     0.000000000000     0.000000000000     0.000000000000
Adsorbate-atom-force:    79 0     0.000000000000     0.000000000000     0.000000000000
Adsorbate-atom-force:    80 0     0.000000000000     0.000000000000     0.000000000000
Adsorbate-atom-force:    81 0     0.000000000000     0.000000000000     0.000000000000
Adsorbate-atom-force:    82 0     0.000000000000     0.000000000000     0.000000000000
Adsorbate-atom-force:    83 0     0.000000000000     0.000000000000     0.000000000000
Adsorbate-atom-force:    84 0     0.000000000000     0.000000000000     0.000000000000
Adsorbate-atom-force:    85 0     0.000000000000     0.000000000000     0.000000000000
Adsorbate-atom-force:    86 0     0.000000000000     0.000000000000     0.000000000000
Adsorbate-atom-force:    87 0     0.000000000000     0.000000000000     0.000000000000
Adsorbate-atom-force:    88 0     0.000000000000     0.000000000000     0.000000000000
Adsorbate-atom-force:    89 0     0.000000000000     0.000000000000     0.000000000000
Adsorbate-atom-force:    90 0     0.000000000000     0.000000000000     0.000000000000
Adsorbate-atom-force:    91 0     0.000000000000     0.000000000000     0.000000000000
Adsorbate-atom-force:    92 0     0.000000000000     0.000000000000     0.000000000000
Adsorbate-atom-force:    93 0     0.000000000000     0.000000000000     0.000000000000
Adsorbate-atom-force:    94 0     0.000000000000     0.000000000000     0.000000000000
Adsorbate-atom-force:    95 0     0.000000000000     0.000000000000     0.000000000000
Adsorbate-atom-force:    96 0     0.000000000000     0.000000000000     0.000000000000
Adsorbate-atom-force:    97 0     0.000000000000     0.000000000000     0.000000000000
Adsorbate-atom-force:    98 0     0.000000000000     0.000000000000     0.000000000000
Adsorbate-atom-force:    99 0     0.000000000000     0.000000000000     0.000000000000
Adsorbate-atom-force:    100 0     0.000000000000     0.000000000000     0.000000000000
Adsorbate-atom-force:    101 0     0.000000000000     0.000000000000     0.000000000000
Adsorbate-atom-force:    102 0     0.000000000000     0.000000000000     0.000000000000
Adsorbate-atom-force:    103 0     0.000000000000     0.000000000000     0.000000000000
Adsorbate-atom-force:    104 0     0.000000000000     0.000000000000     0.000000000000
Adsorbate-atom-force:    105 0     0.000000000000     0.000000000000     0.000000000000
Adsorbate-atom-force:    106 0     0.000000000000     0.000000000000     0.000000000000
Adsorbate-atom-force:    107 0     0.000000000000     0.000000000000     0.000000000000
Adsorbate-atom-force:    108 0     0.000000000000     0.000000000000     0.000000000000
Adsorbate-atom-force:    109 0     0.000000000000     0.000000000000     0.000000000000
Adsorbate-atom-force:    110 0     0.000000000000     0.000000000000     0.000000000000
Adsorbate-atom-force:    111 0     0.000000000000     0.000000000000     0.000000000000
Adsorbate-atom-force:    112 0     0.000000000000     0.000000000000     0.000000000000
Adsorbate-atom-force:    113 0     0.000000000000     0.000000000000     0.000000000000
Adsorbate-atom-force:    114 0     0.000000000000     0.000000000000     0.000000000000
Adsorbate-atom-force:    115 0     0.000000000000     0.000000000000     0.000000000000
Adsorbate-atom-force:    116 0     0.000000000000     0.000000000000     0.000000000000
Adsorbate-atom-force:    117 0     0.000000000000     0.000000000000     0.000000000000
Adsorbate-atom-force:    118 0     0.000000000000     0.000000000000     0.000000000000
Adsorbate-atom-force:    119 0     0.000000000000     0.000000000000     0.000000000000
Adsorbate-atom-force:    120 0     0.000000000000     0.000000000000     0.000000000000
Adsorbate-atom-force:    121 0     0.000000000000     0.000000000000     0.000000000000
Adsorbate-atom-force:    122 0     0.000000000000     0.000000000000     0.000000000000
Adsorbate-atom-force:    123 0     0.000000000000     0.000000000000     0.000000000000
Adsorbate-atom-force:    124 0     0.000000000000     0.000000000000     0.000000000000
Adsorbate-atom-force:    125 0     0.000000000000     0.000000000000     0.000000000000
Adsorbate-atom-force:    126 0     0.000000000000     0.000000000000     0.000000000000
Adsorbate-atom-force:    127 0     0.000000000000     0.000000000000     0.000000000000
Adsorbate-atom-force:    128 0     0.000000000000     0.000000000000     0.000000000000
Adsorbate-atom-force:    129 0     0.000000000000     0.000000000000     0.000000000000
Adsorbate-atom-force:    130 0     0.000000000000     0.000000000000     0.000000000000
Adsorbate-atom-force:    131 0     0.000000000000     0.000000000000     0.000000000000
Adsorbate-atom-force:    132 0     0.000000000000     0.000000000000     0.000000000000
Adsorbate-atom-force:    133 0     0.000000000000     0.000000000000     0.000000000000
Adsorbate-atom-force:    134 0     0.000000000000     0.000000000000     0.000000000000
Adsorbate-atom-force:    135 0     0.000000000000     0.000000000000     0.000000000000
Adsorbate-atom-force:    136 0     0.000000000000     0.000000000000     0.000000000000
Adsorbate-atom-force:    137 0     0.000000000000     0.000000000000     0.000000000000
Adsorbate-atom-force:    138 0     0.000000000000     0.000000000000     0.000000000000
Adsorbate-atom-force:    139 0     0.000000000000     0.000000000000     0.000000000000
Adsorbate-atom-force:    140 0     0.000000000000     0.000000000000     0.000000000000
Adsorbate-atom-force:    141 0     0.000000000000     0.000000000000     0.000000000000
Adsorbate-atom-force:    142 0     0.000000000000     0.000000000000     0.000000000000
Adsorbate-atom-force:    143 0     0.000000000000     0.000000000000     0.000000000000
Adsorbate-atom-force:    144 0     0.000000000000     0.000000000000     0.000000000000
Adsorbate-atom-force:    145 0     0.000000000000     0.000000000000     0.000000000000
Adsorbate-atom-force:    146 0     0.000000000000     0.000000000000     0.000000000000
Adsorbate-atom-force:    147 0     0.000000000000     0.000000000000     0.000000000000
Adsorbate-atom-force:    148 0     0.000000000000     0.000000000000     0.000000000000
Adsorbate-atom-force:    149 0     0.000000000000     0.000000000000     0.000000000000
Adsorbate-atom-force:    150 0     0.000000000000     0.000000000000     0.000000000000
Adsorbate-atom-force:    151 0     0.000000000000     0.000000000000     0.000000000000
Adsorbate-atom-force:    152 0     0.000000000000     0.000000000000     0.000000000000
Adsorbate-atom-force:    153 0     0.000000000000     0.000000000000     0.000000000000
Adsorbate-atom-force:    154 0     0.000000000000     0.000000000000     0.000000000000
Adsorbate-atom-force:    155 0     0.000000000000     0.000000000000     0.000000000000
Adsorbate-atom-force:    156 0     0.000000000000     0.000000000000     0.000000000000
Adsorbate-atom-force:    157 0     0.000000000000     0.000000000000     0.000000000000
Adsorbate-atom-force:    158 0     0.000000000000     0.000000000000     0.000000000000
Adsorbate-atom-force:    159 0     0.000000000000     0.000000000000     0.000000000000
Adsorbate-atom-force:    160 0     0.000000000000     0.000000000000     0.000000000000
Adsorbate-atom-force:    161 0     0.000000000000     0.000000000000     0.000000000000
Adsorbate-atom-charge:   0 0     0.000000000000
Adsorbate-atom-charge:   1 0     0.000000000000
Adsorbate-atom-charge:   2 0     0.000000000000
Adsorbate-atom-charge:   3 0     0.000000000000
Adsorbate-atom-charge:   4 0     0.000000000000
Adsorbate-atom-charge:   5 0     0.000000000000
Adsorbate-atom-charge:   6 0     0.000000000000
Adsorbate-atom-charge:   7 0     0.000000000000
Adsorbate-atom-charge:   8 0     0.000000000000
Adsorbate-atom-charge:   9 0     0.000000000000
Adsorbate-atom-charge:   10 0     0.000000000000
Adsorbate-atom-charge:   11 0     0.000000000000
Adsorbate-atom-charge:   12 0     0.000000000000
Adsorbate-atom-charge:   13 0     0.000000000000
Adsorbate-atom-charge:   14 0     0.000000000000
Adsorbate-atom-charge:   15 0     0.000000000000
Adsorbate-atom-charge:   16 0     0.000000000000
Adsorbate-atom-charge:   17 0     0.000000000000
Adsorbate-atom-charge:   18 0     0.000000000000
Adsorbate-atom-charge:   19 0     0.000000000000
Adsorbate-atom-charge:   20 0     0.000000000000
Adsorbate-atom-charge:   21 0     0.000000000000
Adsorbate-atom-charge:   22 0     0.000000000000
Adsorbate-atom-charge:   23 0     0.000000000000
Adsorbate-atom-charge:   24 0     0.000000000000
Adsorbate-atom-charge:   25 0     0.000000000000
Adsorbate-atom-charge:   26 0     0.000000000000
Adsorbate-atom-charge:   27 0     0.000000000000
Adsorbate-atom-charge:   28 0     0.000000000000
Adsorbate-atom-charge:   29 0     0.000000000000
Adsorbate-atom-charge:   30 0     0.000000000000
Adsorbate-atom-charge:   31 0     0.000000000000
Adsorbate-atom-charge:   32 0     0.000000000000
Adsorbate-atom-charge:   33 0     0.000000000000
Adsorbate-atom-charge:   34 0     0.000000000000
Adsorbate-atom-charge:   35 0     0.000000000000
Adsorbate-atom-charge:   36 0     0.000000000000
Adsorbate-atom-charge:   37 0     0.000000000000
Adsorbate-atom-charge:   38 0     0.000000000000
Adsorbate-atom-charge:   39 0     0.000000000000
Adsorbate-atom-charge:   40 0     0.000000000000
Adsorbate-atom-charge:   41 0     0.000000000000
Adsorbate-atom-charge:   42 0     0.000000000000
Adsorbate-atom-charge:   43 0     0.000000000000
Adsorbate-atom-charge:   44 0     0.000000000000
Adsorbate-atom-charge:   45 0     0.000000000000
Adsorbate-atom-charge:   46 0     0.000000000000
Adsorbate-atom-charge:   47 0     0.000000000000
Adsorbate-atom-charge:   48 0     0.000000000000
Adsorbate-atom-charge:   49 0     0.000000000000
Adsorbate-atom-charge:   50 0     0.000000000000
Adsorbate-atom-charge:   51 0     0.000000000000
Adsorbate-atom-charge:   52 0     0.000000000000
Adsorbate-atom-charge:   53 0     0.000000000000
Adsorbate-atom-charge:   54 0     0.000000000000
Adsorbate-atom-charge:   55 0     0.000000000000
Adsorbate-atom-charge:   56 0     0.000000000000
Adsorbate-atom-charge:   57 0     0.000000000000
Adsorbate-atom-charge:   58 0     0.000000000000
Adsorbate-atom-charge:   59 0     0.000000000000
Adsorbate-atom-charge:   60 0     0.000000000000
Adsorbate-atom-charge:   61 0     0.000000000000
Adsorbate-atom-charge:   62 0     0.000000000000
Adsorbate-atom-charge:   63 0     0.000000000000
Adsorbate-atom-charge:   64 0     0.000000000000
Adsorbate-atom-charge:   65 0     0.000000000000
Adsorbate-atom-charge:   66 0     0.000000000000
Adsorbate-atom-charge:   67 0     0.000000000000
Adsorbate-atom-charge:   68 0     0.000000000000
Adsorbate-atom-charge:   69 0     0.000000000000
Adsorbate-atom-charge:   70 0     0.000000000000
Adsorbate-atom-charge:   71 0     0.000000000000
Adsorbate-atom-charge:   72 0     0.000000000000
Adsorbate-atom-charge:   73 0     0.000000000000
Adsorbate-atom-charge:   74 0     0.000000000000
Adsorbate-atom-charge:   75 0     0.000000000000
Adsorbate-atom-charge:   76 0     0.000000000000
Adsorbate-atom-charge:   77 0     0.000000000000
Adsorbate-atom-charge:   78 0     0.000000000000
Adsorbate-atom-charge:   79 0     0.000000000000
Adsorbate-atom-charge:   80 0     0.000000000000
Adsorbate-atom-charge:   81 0     0.000000000000
Adsorbate-atom-charge:   82 0     0.000000000000
Adsorbate-atom-charge:   83 0     0.000000000000
Adsorbate-atom-charge:   84 0     0.000000000000
Adsorbate-atom-charge:   85 0     0.000000000000
Adsorbate-atom-charge:   86 0     0.000000000000
Adsorbate-atom-charge:   87 0     0.000000000000
Adsorbate-atom-charge:   88 0     0.000000000000
Adsorbate-atom-charge:   89 0     0.000000000000
Adsorbate-atom-charge:   90 0     0.000000000000
Adsorbate-atom-charge:   91 0     0.000000000000
Adsorbate-atom-charge:   92 0     0.000000000000
Adsorbate-atom-charge:   93 0     0.000000000000
Adsorbate-atom-charge:   94 0     0.000000000000
Adsorbate-atom-charge:   95 0     0.000000000000
Adsorbate-atom-charge:   96 0     0.000000000000
Adsorbate-atom-charge:   97 0     0.000000000000
Adsorbate-atom-charge:   98 0     0.000000000000
Adsorbate-atom-charge:   99 0     0.000000000000
Adsorbate-atom-charge:   100 0     0.000000000000
Adsorbate-atom-charge:   101 0     0.000000000000
Adsorbate-atom-charge:   102 0     0.000000000000
Adsorbate-atom-charge:   103 0     0.000000000000
Adsorbate-atom-charge:   104 0     0.000000000000
Adsorbate-atom-charge:   105 0     0.000000000000
Adsorbate-atom-charge:   106 0     0.000000000000
Adsorbate-atom-charge:   107 0     0.000000000000
Adsorbate-atom-charge:   108 0     0.000000000000
Adsorbate-atom-charge:   109 0     0.000000000000
Adsorbate-atom-charge:   110 0     0.000000000000
Adsorbate-atom-charge:   111 0     0.000000000000
Adsorbate-atom-charge:   112 0     0.000000000000
Adsorbate-atom-charge:   113 0     0.000000000000
Adsorbate-atom-charge:   114 0     0.000000000000
Adsorbate-atom-charge:   115 0     0.000000000000
Adsorbate-atom-charge:   116 0     0.000000000000
Adsorbate-atom-charge:   117 0     0.000000000000
Adsorbate-atom-charge:   118 0     0.000000000000
Adsorbate-atom-charge:   119 0     0.000000000000
Adsorbate-atom-charge:   120 0     0.000000000000
Adsorbate-atom-charge:   121 0     0.000000000000
Adsorbate-atom-charge:   122 0     0.000000000000
Adsorbate-atom-charge:   123 0     0.000000000000
Adsorbate-atom-charge:   124 0     0.000000000000
Adsorbate-atom-charge:   125 0     0.000000000000
Adsorbate-atom-charge:   126 0     0.000000000000
Adsorbate-atom-charge:   127 0     0.000000000000
Adsorbate-atom-charge:   128 0     0.000000000000
Adsorbate-atom-charge:   129 0     0.000000000000
Adsorbate-atom-charge:   130 0     0.000000000000
Adsorbate-atom-charge:   131 0     0.000000000000
Adsorbate-atom-charge:   132 0     0.000000000000
Adsorbate-atom-charge:   133 0     0.000000000000
Adsorbate-atom-charge:   134 0     0.000000000000
Adsorbate-atom-charge:   135 0     0.000000000000
Adsorbate-atom-charge:   136 0     0.000000000000
Adsorbate-atom-charge:   137 0     0.000000000000
Adsorbate-atom-charge:   138 0     0.000000000000
Adsorbate-atom-charge:   139 0     0.000000000000
Adsorbate-atom-charge:   140 0     0.000000000000
Adsorbate-atom-charge:   141 0     0.000000000000
Adsorbate-atom-charge:   142 0     0.000000000000
Adsorbate-atom-charge:   143 0     0.000000000000
Adsorbate-atom-charge:   144 0     0.000000000000
Adsorbate-atom-charge:   145 0     0.000000000000
Adsorbate-atom-charge:   146 0     0.000000000000
Adsorbate-atom-charge:   147 0     0.000000000000
Adsorbate-atom-charge:   148 0     0.000000000000
Adsorbate-atom-charge:   149 0     0.000000000000
Adsorbate-atom-charge:   150 0     0.000000000000
Adsorbate-atom-charge:   151 0     0.000000000000
Adsorbate-atom-charge:   152 0     0.000000000000
Adsorbate-atom-charge:   153 0     0.000000000000
Adsorbate-atom-charge:   154 0     0.000000000000
Adsorbate-atom-charge:   155 0     0.000000000000
Adsorbate-atom-charge:   156 0     0.000000000000
Adsorbate-atom-charge:   157 0     0.000000000000
Adsorbate-atom-charge:   158 0     0.000000000000
Adsorbate-atom-charge:   159 0     0.000000000000
Adsorbate-atom-charge:   160 0     0.000000000000
Adsorbate-atom-charge:   161 0     0.000000000000
Adsorbate-atom-scaling:  0 0     1.000000000000
Adsorbate-atom-scaling:  1 0     1.000000000000
Adsorbate-atom-scaling:  2 0     1.000000000000
Adsorbate-atom-scaling:  3 0     1.000000000000
Adsorbate-atom-scaling:  4 0     1.000000000000
Adsorbate-atom-scaling:  5 0     1.000000000000
Adsorbate-atom-scaling:  6 0     1.000000000000
Adsorbate-atom-scaling:  7 0     1.000000000000
Adsorbate-atom-scaling:  8 0     1.000000000000
Adsorbate-atom-scaling:  9 0     1.000000000000
Adsorbate-atom-scaling:  10 0     1.000000000000
Adsorbate-atom-scaling:  11 0     1.000000000000
Adsorbate-atom-scaling:  12 0     1.000000000000
Adsorbate-atom-scaling:  13 0     1.000000000000
Adsorbate-atom-scaling:  14 0     1.000000000000
Adsorbate-atom-scaling:  15 0     1.000000000000
Adsorbate-atom-scaling:  16 0     1.000000000000
Adsorbate-atom-scaling:  17 0     1.000000000000
Adsorbate-atom-scaling:  18 0     1.000000000000
Adsorbate-atom-scaling:  19 0     1.000000000000
Adsorbate-atom-scaling:  20 0     1.000000000000
Adsorbate-atom-scaling:  21 0     1.000000000000
Adsorbate-atom-scaling:  22 0     1.000000000000
Adsorbate-atom-scaling:  23 0     1.000000000000
Adsorbate-atom-scaling:  24 0     1.000000000000
Adsorbate-atom-scaling:  25 0     1.000000000000
Adsorbate-atom-scaling:  26 0     1.000000000000
Adsorbate-atom-scaling:  27 0     1.000000000000
Adsorbate-atom-scaling:  28 0     1.000000000000
Adsorbate-atom-scaling:  29 0     1.000000000000
Adsorbate-atom-scaling:  30 0     1.000000000000
Adsorbate-atom-scaling:  31 0     1.000000000000
Adsorbate-atom-scaling:  32 0     1.000000000000
Adsorbate-atom-scaling:  33 0     1.000000000000
Adsorbate-atom-scaling:  34 0     1.000000000000
Adsorbate-atom-scaling:  35 0     1.000000000000
Adsorbate-atom-scaling:  36 0     1.000000000000
Adsorbate-atom-scaling:  37 0     1.000000000000
Adsorbate-atom-scaling:  38 0     1.000000000000
Adsorbate-atom-scaling:  39 0     1.000000000000
Adsorbate-atom-scaling:  40 0     1.000000000000
Adsorbate-atom-scaling:  41 0     1.000000000000
Adsorbate-atom-scaling:  42 0     1.000000000000
Adsorbate-atom-scaling:  43 0     1.000000000000
Adsorbate-atom-scaling:  44 0     1.000000000000
Adsorbate-atom-scaling:  45 0     1.000000000000
Adsorbate-atom-scaling:  46 0     1.000000000000
Adsorbate-atom-scaling:  47 0     1.000000000000
Adsorbate-atom-scaling:  48 0     1.000000000000
Adsorbate-atom-scaling:  49 0     1.000000000000
Adsorbate-atom-scaling:  50 0     1.000000000000
Adsorbate-atom-scaling:  51 0     1.000000000000
Adsorbate-atom-scaling:  52 0     1.000000000000
Adsorbate-atom-scaling:  53 0     1.000000000000
Adsorbate-atom-scaling:  54 0     1.000000000000
Adsorbate-atom-scaling:  55 0     1.000000000000
Adsorbate-atom-scaling:  56 0     1.000000000000
Adsorbate-atom-scaling:  57 0     1.000000000000
Adsorbate-atom-scaling:  58 0     1.000000000000
Adsorbate-atom-scaling:  59 0     1.000000000000
Adsorbate-atom-scaling:  60 0     1.000000000000
Adsorbate-atom-scaling:  61 0     1.000000000000
Adsorbate-atom-scaling:  62 0     1.000000000000
Adsorbate-atom-scaling:  63 0     1.000000000000
Adsorbate-atom-scaling:  64 0     1.000000000000
Adsorbate-atom-scaling:  65 0     1.000000000000
Adsorbate-atom-scaling:  66 0     1.000000000000
Adsorbate-atom-scaling:  67 0     1.000000000000
Adsorbate-atom-scaling:  68 0     1.000000000000
Adsorbate-atom-scaling:  69 0     1.000000000000
Adsorbate-atom-scaling:  70 0     1.000000000000
Adsorbate-atom-scaling:  71 0     1.000000000000
Adsorbate-atom-scaling:  72 0     1.000000000000
Adsorbate-atom-scaling:  73 0     1.000000000000
Adsorbate-atom-scaling:  74 0     1.000000000000
Adsorbate-atom-scaling:  75 0     1.000000000000
Adsorbate-atom-scaling:  76 0     1.000000000000
Adsorbate-atom-scaling:  77 0     1.000000000000
Adsorbate-atom-scaling:  78 0     1.000000000000
Adsorbate-atom-scaling:  79 0     1.000000000000
Adsorbate-atom-scaling:  80 0     1.000000000000
Adsorbate-atom-scaling:  81 0     1.000000000000
Adsorbate-atom-scaling:  82 0     1.000000000000
Adsorbate-atom-scaling:  83 0     1.000000000000
Adsorbate-atom-scaling:  84 0     1.000000000000
Adsorbate-atom-scaling:  85 0     1.000000000000
Adsorbate-atom-scaling:  86 0     1.000000000000
Adsorbate-atom-scaling:  87 0     1.000000000000
Adsorbate-atom-scaling:  88 0     1.000000000000
Adsorbate-atom-scaling:  89 0     1.000000000000
Adsorbate-atom-scaling:  90 0     1.000000000000
Adsorbate-atom-scaling:  91 0     1.000000000000
Adsorbate-atom-scaling:  92 0     1.000000000000
Adsorbate-atom-scaling:  93 0     1.000000000000
Adsorbate-atom-scaling:  94 0     1.000000000000
Adsorbate-atom-scaling:  95 0     1.000000000000
Adsorbate-atom-scaling:  96 0     1.000000000000
Adsorbate-atom-scaling:  97 0     1.000000000000
Adsorbate-atom-scaling:  98 0     1.000000000000
Adsorbate-atom-scaling:  99 0     1.000000000000
Adsorbate-atom-scaling:  100 0     1.000000000000
Adsorbate-atom-scaling:  101 0     1.000000000000
Adsorbate-atom-scaling:  102 0     1.000000000000
Adsorbate-atom-scaling:  103 0     1.000000000000
Adsorbate-atom-scaling:  104 0     1.000000000000
Adsorbate-atom-scaling:  105 0     1.000000000000
Adsorbate-atom-scaling:  106 0     1.000000000000
Adsorbate-atom-scaling:  107 0     1.000000000000
Adsorbate-atom-scaling:  108 0     1.000000000000
Adsorbate-atom-scaling:  109 0     1.000000000000
Adsorbate-atom-scaling:  110 0     1.000000000000
Adsorbate-atom-scaling:  111 0     1.000000000000
Adsorbate-atom-scaling:  112 0     1.000000000000
Adsorbate-atom-scaling:  113 0     1.000000000000
Adsorbate-atom-scaling:  114 0     1.000000000000
Adsorbate-atom-scaling:  115 0     1.000000000000
Adsorbate-atom-scaling:  116 0     1.000000000000
Adsorbate-atom-scaling:  117 0     1.000000000000
Adsorbate-atom-scaling:  118 0     1.000000000000
Adsorbate-atom-scaling:  119 0     1.000000000000
Adsorbate-atom-scaling:  120 0     1.000000000000
Adsorbate-atom-scaling:  121 0     1.000000000000
Adsorbate-atom-scaling:  122 0     1.000000000000
Adsorbate-atom-scaling:  123 0     1.000000000000
Adsorbate-atom-scaling:  124 0     1.000000000000
Adsorbate-atom-scaling:  125 0     1.000000000000
Adsorbate-atom-scaling:  126 0     1.000000000000
Adsorbate-atom-scaling:  127 0     1.000000000000
Adsorbate-atom-scaling:  128 0     1.000000000000
Adsorbate-atom-scaling:  129 0     1.000000000000
Adsorbate-atom-scaling:  130 0     1.000000000000
Adsorbate-atom-scaling:  131 0     1.000000000000
Adsorbate-atom-scaling:  132 0     1.000000000000
Adsorbate-atom-scaling:  133 0     1.000000000000
Adsorbate-atom-scaling:  134 0     1.000000000000
Adsorbate-atom-scaling:  135 0     1.000000000000
Adsorbate-atom-scaling:  136 0     1.000000000000
Adsorbate-atom-scaling:  137 0     1.000000000000
Adsorbate-atom-scaling:  138 0     1.000000000000
Adsorbate-atom-scaling:  139 0     1.000000000000
Adsorbate-atom-scaling:  140 0     1.000000000000
Adsorbate-atom-scaling:  141 0     1.000000000000
Adsorbate-atom-scaling:  142 0     1.000000000000
Adsorbate-atom-scaling:  143 0     1.000000000000
Adsorbate-atom-scaling:  144 0     1.000000000000
Adsorbate-atom-scaling:  145 0     1.000000000000
Adsorbate-atom-scaling:  146 0     1.000000000000
Adsorbate-atom-scaling:  147 0     1.000000000000
Adsorbate-atom-scaling:  148 0     1.000000000000
Adsorbate-atom-scaling:  149 0     1.000000000000
Adsorbate-atom-scaling:  150 0     1.000000000000
Adsorbate-atom-scaling:  151 0     1.000000000000
Adsorbate-atom-scaling:  152 0     1.000000000000
Adsorbate-atom-scaling:  153 0     1.000000000000
Adsorbate-atom-scaling:  154 0     1.000000000000
Adsorbate-atom-scaling:  155 0     1.000000000000
Adsorbate-atom-scaling:  156 0     1.000000000000
Adsorbate-atom-scaling:  157 0     1.000000000000
Adsorbate-atom-scaling:  158 0     1.000000000000
Adsorbate-atom-scaling:  159 0     1.000000000000
Adsorbate-atom-scaling:  160 0     1.000000000000
Adsorbate-atom-scaling:  161 0     1.000000000000
Adsorbate-atom-fixed:    0 0       0 0 0
Adsorbate-atom-fixed:    1 0       0 0 0
Adsorbate-atom-fixed:    2 0       0 0 0
Adsorbate-atom-fixed:    3 0       0 0 0
Adsorbate-atom-fixed:    4 0       0 0 0
Adsorbate-atom-fixed:    5 0       0 0 0
Adsorbate-atom-fixed:    6 0       0 0 0
Adsorbate-atom-fixed:    7 0       0 0 0
Adsorbate-atom-fixed:    8 0       0 0 0
Adsorbate-atom-fixed:    9 0       0 0 0
Adsorbate-atom-fixed:    10 0       0 0 0
Adsorbate-atom-fixed:    11 0       0 0 0
Adsorbate-atom-fixed:    12 0       0 0 0
Adsorbate-atom-fixed:    13 0       0 0 0
Adsorbate-atom-fixed:    14 0       0 0 0
Adsorbate-atom-fixed:    15 0       0 0 0
Adsorbate-atom-fixed:    16 0       0 0 0
Adsorbate-atom-fixed:    17 0       0 0 0
Adsorbate-atom-fixed:    18 0       0 0 0
Adsorbate-atom-fixed:    19 0       0 0 0
Adsorbate-atom-fixed:    20 0       0 0 0
Adsorbate-atom-fixed:    21 0       0 0 0
Adsorbate-atom-fixed:    22 0       0 0 0
Adsorbate-atom-fixed:    23 0       0 0 0
Adsorbate-atom-fixed:    24 0       0 0 0
Adsorbate-atom-fixed:    25 0       0 0 0
Adsorbate-atom-fixed:    26 0       0 0 0
Adsorbate-atom-fixed:    27 0       0 0 0
Adsorbate-atom-fixed:    28 0       0 0 0
Adsorbate-atom-fixed:    29 0       0 0 0
Adsorbate-atom-fixed:    30 0       0 0 0
Adsorbate-atom-fixed:    31 0       0 0 0
Adsorbate-atom-fixed:    32 0       0 0 0
Adsorbate-atom-fixed:    33 0       0 0 0
Adsorbate-atom-fixed:    34 0       0 0 0
Adsorbate-atom-fixed:    35 0       0 0 0
Adsorbate-atom-fixed:    36 0       0 0 0
Adsorbate-atom-fixed:    37 0       0 0 0
Adsorbate-atom-fixed:    38 0       0 0 0
Adsorbate-atom-fixed:    39 0       0 0 0
Adsorbate-atom-fixed:    40 0       0 0 0
Adsorbate-atom-fixed:    41 0       0 0 0
Adsorbate-atom-fixed:    42 0       0 0 0
Adsorbate-atom-fixed:    43 0       0 0 0
Adsorbate-atom-fixed:    44 0       0 0 0
Adsorbate-atom-fixed:    45 0       0 0 0
Adsorbate-atom-fixed:    46 0       0 0 0
Adsorbate-atom-fixed:    47 0       0 0 0
Adsorbate-atom-fixed:    48 0       0 0 0
Adsorbate-atom-fixed:    49 0       0 0 0
Adsorbate-atom-fixed:    50 0       0 0 0
Adsorbate-atom-fixed:    51 0       0 0 0
Adsorbate-atom-fixed:    52 0       0 0 0
Adsorbate-atom-fixed:    53 0       0 0 0
Adsorbate-atom-fixed:    54 0       0 0 0
Adsorbate-atom-fixed:    55 0       0 0 0
Adsorbate-atom-fixed:    56 0       0 0 0
Adsorbate-atom-fixed:    57 0       0 0 0
Adsorbate-atom-fixed:    58 0       0 0 0
Adsorbate-atom-fixed:    59 0       0 0 0
Adsorbate-atom-fixed:    60 0       0 0 0
Adsorbate-atom-fixed:    61 0       0 0 0
Adsorbate-atom-fixed:    62 0       0 0 0
Adsorbate-atom-fixed:    63 0       0 0 0
Adsorbate-atom-fixed:    64 0       0 0 0
Adsorbate-atom-fixed:    65 0       0 0 0
Adsorbate-atom-fixed:    66 0       0 0 0
Adsorbate-atom-fixed:    67 0       0 0 0
Adsorbate-atom-fixed:    68 0       0 0 0
Adsorbate-atom-fixed:    69 0       0 0 0
Adsorbate-atom-fixed:    70 0       0 0 0
Adsorbate-atom-fixed:    71 0       0 0 0
Adsorbate-atom-fixed:    72 0       0 0 0
Adsorbate-atom-fixed:    73 0       0 0 0
Adsorbate-atom-fixed:    74 0       0 0 0
Adsorbate-atom-fixed:    75 0       0 0 0
Adsorbate-atom-fixed:    76 0       0 0 0
Adsorbate-atom-fixed:    77 0       0 0 0
Adsorbate-atom-fixed:    78 0       0 0 0
Adsorbate-atom-fixed:    79 0       0 0 0
Adsorbate-atom-fixed:    80 0       0 0 0
Adsorbate-atom-fixed:    81 0       0 0 0
Adsorbate-atom-fixed:    82 0       0 0 0
Adsorbate-atom-fixed:    83 0       0 0 0
Adsorbate-atom-fixed:    84 0       0 0 0
Adsorbate-atom-fixed:    85 0       0 0 0
Adsorbate-atom-fixed:    86 0       0 0 0
Adsorbate-atom-fixed:    87 0       0 0 0
Adsorbate-atom-fixed:    88 0       0 0 0
Adsorbate-atom-fixed:    89 0       0 0 0
Adsorbate-atom-fixed:    90 0       0 0 0
Adsorbate-atom-fixed:    91 0       0 0 0
Adsorbate-atom-fixed:    92 0       0 0 0
Adsorbate-atom-fixed:    93 0       0 0 0
Adsorbate-atom-fixed:    94 0       0 0 0
Adsorbate-atom-fixed:    95 0       0 0 0
Adsorbate-atom-fixed:    96 0       0 0 0
Adsorbate-atom-fixed:    97 0       0 0 0
Adsorbate-atom-fixed:    98 0       0 0 0
Adsorbate-atom-fixed:    99 0       0 0 0
Adsorbate-atom-fixed:    100 0       0 0 0
Adsorbate-atom-fixed:    101 0       0 0 0
Adsorbate-atom-fixed:    102 0       0 0 0
Adsorbate-atom-fixed:    103 0       0 0 0
Adsorbate-atom-fixed:    104 0       0 0 0
Adsorbate-atom-fixed:    105 0       0 0 0
Adsorbate-atom-fixed:    106 0       0 0 0
Adsorbate-atom-fixed:    107 0       0 0 0
Adsorbate-atom-fixed:    108 0       0 0 0
Adsorbate-atom-fixed:    109 0       0 0 0
Adsorbate-atom-fixed:    110 0       0 0 0
Adsorbate-atom-fixed:    111 0       0 0 0
Adsorbate-atom-fixed:    112 0       0 0 0
Adsorbate-atom-fixed:    113 0       0 0 0
Adsorbate-atom-fixed:    114 0       0 0 0
Adsorbate-atom-fixed:    115 0       0 0 0
Adsorbate-atom-fixed:    116 0       0 0 0
Adsorbate-atom-fixed:    117 0       0 0 0
Adsorbate-atom-fixed:    118 0       0 0 0
Adsorbate-atom-fixed:    119 0       0 0 0
Adsorbate-atom-fixed:    120 0       0 0 0
Adsorbate-atom-fixed:    121 0       0 0 0
Adsorbate-atom-fixed:    122 0       0 0 0
Adsorbate-atom-fixed:    123 0       0 0 0
Adsorbate-atom-fixed:    124 0       0 0 0
Adsorbate-atom-fixed:    125 0       0 0 0
Adsorbate-atom-fixed:    126 0       0 0 0
Adsorbate-atom-fixed:    127 0       0 0 0
Adsorbate-atom-fixed:    128 0       0 0 0
Adsorbate-atom-fixed:    129 0       0 0 0
Adsorbate-atom-fixed:    130 0       0 0 0
Adsorbate-atom-fixed:    131 0       0 0 0
Adsorbate-atom-fixed:    132 0       0 0 0
Adsorbate-atom-fixed:    133 0       0 0 0
Adsorbate-atom-fixed:    134 0       0 0 0
Adsorbate-atom-fixed:    135 0       0 0 0
Adsorbate-atom-fixed:    136 0       0 0 0
Adsorbate-atom-fixed:    137 0       0 0 0
Adsorbate-atom-fixed:    138 0       0 0 0
Adsorbate-atom-fixed:    139 0       0 0 0
Adsorbate-atom-fixed:    140 0       0 0 0
Adsorbate-atom-fixed:    141 0       0 0 0
Adsorbate-atom-fixed:    142 0       0 0 0
Adsorbate-atom-fixed:    143 0       0 0 0
Adsorbate-atom-fixed:    144 0       0 0 0
Adsorbate-atom-fixed:    145 0       0 0 0
Adsorbate-atom-fixed:    146 0       0 0 0
Adsorbate-atom-fixed:    147 0       0 0 0
Adsorbate-atom-fixed:    148 0       0 0 0
Adsorbate-atom-fixed:    149 0       0 0 0
Adsorbate-atom-fixed:    150 0       0 0 0
Adsorbate-atom-fixed:    151 0       0 0 0
Adsorbate-atom-fixed:    152 0       0 0 0
Adsorbate-atom-fixed:    153 0       0 0 0
Adsorbate-atom-fixed:    154 0       0 0 0
Adsorbate-atom-fixed:    155 0       0 0 0
Adsorbate-atom-fixed:    156 0       0 0 0
Adsorbate-atom-fixed:    157 0       0 0 0
Adsorbate-atom-fixed:    158 0       0 0 0
Adsorbate-atom-fixed:    159 0       0 0 0
Adsorbate-atom-fixed:    160 0       0 0 0
Adsorbate-atom-fixed:    161 0       0 0 0


