$coord
           -3.9609666955            3.2812506335           -3.3139236815   C 
           -3.8486329280            3.0937561761           -0.5186280860   C 
           -5.2911244132            1.7273215780            1.1916517511   C 
           -4.1798525262            2.2261947909            3.5832314301   C 
           -2.2461834494            3.7734625074            3.3285877524   N 
           -2.0514988847            4.2923599291            0.8562347131   N 
            0.0113729108            5.8090014155           -0.0424463417   C 
            2.0724826086            4.2711644325           -0.9143380199   N 
            3.8545649505            3.0791481739            0.4829504558   C 
            5.3026941141            1.6910277318           -1.2068239138   C 
            4.2086611001            2.1728182122           -3.6092859015   C 
            2.2805072168            3.7307596630           -3.3799877228   N 
            5.0244239749            1.2268646298           -6.1256134793   C 
            7.0667607949            1.0005369465           -6.1798683362   H 
            4.1507420716           -0.5936920492           -6.5328687038   H 
            4.4351405242            2.5549936968           -7.5769190505   H 
            7.4993276776            0.1345605217           -0.6431204277   C 
            7.8150834203           -2.2175626768           -1.7899065400   C 
            9.9081939112           -3.6865498332           -1.2758619953   C 
           11.7421610541           -2.8423372936            0.4167293122   C 
           11.4145371235           -0.5058027165            1.5906758975   C 
            9.3352597292            0.9683163171            1.0582239129   C 
            9.1356142711            2.7983857060            1.9355411442   H 
           12.8385321677            0.1207741398            2.9097935968   H 
           14.0333154337           -4.3269507333            1.0868813947   C 
           15.2195790193           -3.9779403121            2.9905547719   O 
           14.7655387017           -6.1126290546           -0.5771228182   O 
           13.7107036196           -6.1452847762           -2.0669870924   H 
           10.0472695414           -5.5287241995           -2.1572589342   H 
            6.3822435240           -2.9136758660           -3.0628895690   H 
            3.9507744426            3.2915176682            3.2766781403   C 
            5.0865031691            1.7657617468            4.0516288790   H 
            2.0521917331            3.1939805856            4.0693265886   H 
            4.7927971981            5.0859385265            3.8445826909   H 
            0.6344758739            6.9975041033            1.5300468675   H 
           -0.6070396729            6.9686756451           -1.6379690418   H 
           -4.9851978536            1.3029444980            6.1107340024   C 
           -4.0937940043           -0.5043444936            6.5377268368   H 
           -4.4086023525            2.6527392046            7.5473485076   H 
           -7.0246987709            1.0555935486            6.1670465167   H 
           -7.4984615059            0.1735658250            0.6570805361   C 
           -7.8090205454           -2.1727226631            1.8205535338   C 
           -9.9027908115           -3.6417259736            1.3221235066   C 
          -11.7420637720           -2.7882545110           -0.3583233766   C 
          -11.4467743601           -0.4430164501           -1.5236800793   C 
           -9.3517790581            1.0186244137           -1.0209002040   C 
           -9.1544947833            2.8511434690           -1.8951285170   H 
          -12.8939734020            0.1952222800           -2.8121053329   H 
          -14.0099000949           -4.2947013109           -0.9490521197   C 
          -15.6592292397           -3.6565147486           -2.3906256420   O 
          -14.1046920659           -6.5162667158            0.2839837402   O 
          -15.6343265663           -7.4080401146           -0.1870348509   H 
          -10.1296031823           -5.4577728571            2.2202047380   H 
           -6.3720565417           -2.8563800990            3.0958144209   H 
           -2.0703030597            3.1457657689           -4.1195631405   H 
           -4.7793320218            5.0827307523           -3.8940640494   H 
           -5.1265104761            1.7656461226           -4.0640524835   H 
$end
