           2           1   1.03384968335673     
           3           2   1.43117757980933     
           4           3   1.27002004902648     
           5           4   1.50668945694689     
           6           2   1.24662989176539     
           6           5   1.16001987379635     
           7           6  0.987110320528732     
           8           7  0.987288875837878     
           9           8   1.24709689143508     
          10           9   1.43006220885579     
          11          10   1.27164817544478     
          12           8   1.15981545048092     
          12          11   1.50556088435370     
          13          11   1.02966915883729     
          14          13  0.979651048304675     
          15          13  0.978321483427116     
          16          13  0.965706638645546     
          17          10   1.06561274811792     
          18          17   1.37560529368981     
          19          18   1.46458420876888     
          20          19   1.38537647489710     
          21          20   1.37618714800040     
          22          17   1.37182780705264     
          22          21   1.47195073022173     
          23          22  0.967767689394462     
          24          21  0.965313507219265     
          25          20   1.00003803344331     
          26          25   1.76258114397085     
          27          25   1.10626575542323     
          28          27  0.868198791270539     
          29          19  0.960223214392188     
          30          18  0.968121395440502     
          31           9   1.03442083128854     
          32          31  0.978267021470109     
          33          31  0.963716106565999     
          34          31  0.963512763985427     
          35           7  0.957659279605129     
          36           7  0.957774479118131     
          37           4   1.03034357209826     
          38          37  0.979466419499213     
          39          37  0.978084730486875     
          40          37  0.964990420013374     
          41           3   1.06586481504965     
          42          41   1.37315970771272     
          43          42   1.46575236886588     
          44          43   1.38429908571822     
          45          44   1.37619597675692     
          46          41   1.37341891231020     
          46          45   1.47171476112207     
          47          46  0.967406893064313     
          48          45  0.965184958629518     
          49          44   1.00100414076063     
          50          49   1.76170434526578     
          51          49   1.10605691734000     
          52          51  0.867838205091987     
          53          43  0.959614385404454     
          54          42  0.968705381457659     
          55           1  0.978772833661658     
          56           1  0.963436111956110     
          57           1  0.964131589936397     
