$coord
            9.3141290822           -0.5946530913            0.0011845723   C 
           10.7479714767            1.1783355112            0.0003585215   O 
           10.1806540527           -2.9863908940            0.0015811110   O 
           12.0129158228           -2.9678825282            0.0009377570   H 
            6.5278877441           -0.4568656597            0.0022202662   C 
            5.0971450803           -2.6750125466            0.0114565877   C 
            2.4960142237           -2.5317135821            0.0115680536   C 
            1.3799666809           -0.1415703275            0.0033912780   C 
            2.7384819021            1.9733653733           -0.0047556513   N 
            5.2335285993            1.8718837913           -0.0059213098   C 
            6.5509234019            4.3599027853           -0.0170216872   C 
            7.7717323479            4.5324447657            1.6279059325   H 
            5.1538310930            5.8633689894           -0.0141095058   H 
            7.7557539145            4.5252810644           -1.6745757767   H 
           -1.3799470457            0.1399255730            0.0034342147   C 
           -2.7390053376           -1.9746829010           -0.0013701290   N 
           -5.2340482902           -1.8723324319           -0.0030056569   C 
           -6.5276737802            0.4568558732            0.0007082797   C 
           -5.0963327109            2.6745964632            0.0070557569   C 
           -2.4952896147            2.5304184035            0.0082405625   C 
           -1.3111360738            4.1856446484            0.0124702065   H 
           -6.0448284565            4.4799805536            0.0104619879   H 
           -9.3138093483            0.5958164419           -0.0029006536   C 
          -10.7484317032           -1.1765796283           -0.0207586724   O 
          -10.1794114239            2.9877486884            0.0189063651   O 
          -12.0117059616            2.9699019283            0.0163047741   H 
           -6.5525645100           -4.3599314245           -0.0093827269   C 
           -7.7599654339           -4.5264004330           -1.6650465396   H 
           -7.7709486727           -4.5300315764            1.6377966018   H 
           -5.1559333829           -5.8639813166           -0.0066954682   H 
            1.3124956139           -4.1873894126            0.0177383348   H 
            6.0462210871           -4.4800753925            0.0175207988   H 
$end
