   -0.11984298
    0.04105926
    0.07086623
   -0.10908144
    0.07526925
    0.05513341
    0.05065457
    0.08768758
    0.08684905
    0.05749018
    0.04709631
    0.04902531
    0.05192717
   -0.26204658
    0.07142015
   -0.05413438
    0.03102365
   -0.10991968
   -0.05404358
    0.03182311
   -0.12053788
    0.02319238
   -0.03756236
   -0.03245476
   -0.03875984
   -0.01979395
   -0.03320768
    0.35149109
    0.02304268
   -0.03585192
   -0.03224708
   -0.03862669
   -0.02002794
   -0.03481811
    0.35166524
    0.05107789
    0.05235107
    0.07508479
    0.05722761
    0.03878187
    0.02645998
    0.06065197
    0.04546347
    0.04093860
    0.02723451
    0.06010973
    0.04341149
    0.05171569
   -0.26084377
   -0.37796473
   -0.37853343
   -0.37786662
    0.04809015
    0.05806537
   -0.37891120
    0.31706339
    0.31663240
