0.001 1.3455e-05 4.49479e-06 4.48629e-06 4.47395e-06 (count: 9.99e+07)
0.002 5.38189e-05 1.79787e-05 1.79447e-05 1.78954e-05 (count: 9.99e+07)
0.003 0.000121088 4.04505e-05 4.03741e-05 4.02633e-05 (count: 9.99e+07)
0.004 0.000215256 7.19081e-05 7.17724e-05 7.15757e-05 (count: 9.98999e+07)
0.005 0.000336315 0.000112348 0.000112137 0.00011183 (count: 9.98999e+07)
0.006 0.000484254 0.000161768 0.000161463 0.000161023 (count: 9.98999e+07)
0.007 0.000659059 0.000220161 0.000219748 0.000219151 (count: 9.98999e+07)
0.008 0.000860716 0.000287524 0.000286984 0.000286208 (count: 9.98999e+07)
0.009 0.00108921 0.000363848 0.000363168 0.000362189 (count: 9.98998e+07)
0.01 0.00134451 0.000449128 0.00044829 0.000447088 (count: 9.98998e+07)
0.011 0.0016266 0.000543356 0.000542345 0.000540898 (count: 9.98998e+07)
0.012 0.00193545 0.000646521 0.000645322 0.000643611 (count: 9.98998e+07)
0.013 0.00227105 0.000758616 0.000757213 0.000755219 (count: 9.98998e+07)
0.014 0.00263335 0.000879628 0.000878008 0.000875712 (count: 9.98997e+07)
0.015 0.00302232 0.00100955 0.0010077 0.00100508 (count: 9.98997e+07)
0.016 0.00343794 0.00114836 0.00114626 0.00114331 (count: 9.98997e+07)
0.017 0.00388016 0.00129606 0.0012937 0.0012904 (count: 9.98997e+07)
0.018 0.00434894 0.00145262 0.00144999 0.00144633 (count: 9.98997e+07)
0.019 0.00484425 0.00161804 0.00161513 0.00161109 (count: 9.98996e+07)
0.02 0.00536604 0.0017923 0.00178909 0.00178466 (count: 9.98996e+07)
0.021 0.00591426 0.00197538 0.00197186 0.00196703 (count: 9.98996e+07)
0.022 0.00648887 0.00216726 0.00216342 0.00215819 (count: 9.98996e+07)
0.023 0.00708982 0.00236793 0.00236377 0.00235812 (count: 9.98996e+07)
0.024 0.00771705 0.00257737 0.00257287 0.00256681 (count: 9.98995e+07)
0.025 0.00837051 0.00279557 0.00279071 0.00278423 (count: 3.99598e+06)
0.05 0.0330306 0.0110238 0.0110096 0.0109972 (count: 3.99596e+06)
0.075 0.0727199 0.0242438 0.0242299 0.0242462 (count: 3.99594e+06)
0.1 0.125574 0.041808 0.0418226 0.0419432 (count: 3.99592e+06)
0.125 0.189339 0.0629398 0.063031 0.0633685 (count: 3.9959e+06)
0.15 0.261569 0.0868023 0.0870404 0.0877262 (count: 3.99588e+06)
0.175 0.339789 0.112555 0.113041 0.114192 (count: 3.99586e+06)
0.2 0.421638 0.139403 0.140283 0.141951 (count: 3.99584e+06)
0.225 0.504969 0.166628 0.168115 0.170226 (count: 3.99582e+06)
0.25 0.587917 0.193617 0.196002 0.198298 (count: 3.9958e+06)
0.275 0.668937 0.219873 0.22354 0.225524 (count: 3.99578e+06)
0.3 0.746818 0.245023 0.250445 0.25135 (count: 3.99576e+06)
0.325 0.82068 0.268816 0.276543 0.275321 (count: 3.99574e+06)
0.35 0.889953 0.291117 0.30175 0.297087 (count: 3.99572e+06)
0.375 0.95435 0.311894 0.326052 0.316404 (count: 3.9957e+06)
0.4 1.01382 0.331209 0.349482 0.333132 (count: 3.99568e+06)
0.425 1.06852 0.349192 0.372103 0.347223 (count: 3.99566e+06)
0.45 1.11873 0.366025 0.393984 0.358716 (count: 3.99564e+06)
0.475 1.16483 0.381921 0.415195 0.367719 (count: 3.99562e+06)
0.5 1.20729 0.397099 0.435793 0.374402 (count: 3.9956e+06)
0.525 1.24657 0.411773 0.455822 0.378979 (count: 3.99558e+06)
0.55 1.28314 0.426129 0.475309 0.381699 (count: 3.99556e+06)
0.575 1.31741 0.440317 0.494264 0.382833 (count: 3.99554e+06)
0.6 1.34978 0.454437 0.512685 0.382661 (count: 3.99552e+06)
0.625 1.37925 0.468069 0.529663 0.38152 (count: 159820)
1.25 1.79288 0.625811 0.756778 0.410296 (count: 159800)
1.875 1.96671 0.676195 0.86475 0.425762 (count: 159780)
2.5 2.27926 0.767471 1.04963 0.46216 (count: 159760)
3.125 2.52525 0.856486 1.17763 0.491132 (count: 159740)
3.75 2.70934 0.913375 1.28643 0.509532 (count: 159720)
4.375 2.90097 0.972508 1.39631 0.532156 (count: 159700)
5 3.06772 1.02216 1.4986 0.546959 (count: 159680)
5.625 3.24528 1.07803 1.59871 0.56854 (count: 159660)
6.25 3.40911 1.1288 1.69602 0.584296 (count: 159640)
6.875 3.55591 1.17358 1.78346 0.598878 (count: 159620)
7.5 3.71094 1.22185 1.87135 0.617738 (count: 159600)
8.125 3.84955 1.26461 1.95471 0.630239 (count: 159580)
8.75 3.98626 1.30711 2.03612 0.643025 (count: 159560)
9.375 4.12065 1.34891 2.11689 0.654853 (count: 159540)
10 4.26714 1.39503 2.20189 0.670229 (count: 159520)
10.625 4.40363 1.43483 2.28458 0.684225 (count: 159500)
11.25 4.54243 1.47772 2.3675 0.697214 (count: 159480)
11.875 4.66695 1.51307 2.44524 0.708633 (count: 159460)
12.5 4.80486 1.55587 2.52801 0.720982 (count: 159440)
13.125 4.93087 1.59415 2.60558 0.731146 (count: 159420)
13.75 5.04217 1.62915 2.67237 0.740655 (count: 159400)
14.375 5.16316 1.66738 2.74403 0.75175 (count: 159380)
15 5.28207 1.70643 2.81059 0.765057 (count: 159360)
15.625 5.46929 1.75408 2.91279 0.802423 (count: 6360)
31.25 8.00378 2.52204 4.43275 1.04899 (count: 6340)
46.875 10.042 3.14153 5.67435 1.22615 (count: 6320)
62.5 11.9675 3.63901 6.90215 1.42631 (count: 6300)
78.125 13.5756 4.02708 7.95564 1.59288 (count: 6280)
93.75 15.1908 4.41151 9.03347 1.74581 (count: 6260)
109.375 17.0042 4.8924 10.2015 1.91026 (count: 6240)
125 18.8305 5.37731 11.3675 2.08575 (count: 6220)
140.625 20.5882 5.80655 12.5215 2.26017 (count: 6200)
156.25 22.2627 6.18216 13.667 2.41351 (count: 6180)
171.875 23.8116 6.5631 14.6501 2.59846 (count: 6160)
187.5 25.2681 6.84771 15.6737 2.74668 (count: 6140)
203.125 26.737 7.20692 16.6478 2.88224 (count: 6120)
218.75 28.0921 7.54957 17.5356 3.00686 (count: 6100)
234.375 29.3656 7.81382 18.3897 3.16205 (count: 6080)
250 30.6609 8.09004 19.2846 3.28629 (count: 6060)
265.625 31.9366 8.39521 20.1429 3.3985 (count: 6040)
281.25 33.1889 8.65347 21.0247 3.51073 (count: 6020)
296.875 34.4859 8.937 21.9253 3.62364 (count: 6000)
312.5 35.7408 9.2091 22.8043 3.72743 (count: 5980)
328.125 36.9173 9.4765 23.6095 3.83132 (count: 5960)
343.75 38.2773 9.74962 24.5824 3.94522 (count: 5940)
359.375 39.4812 9.98397 25.4796 4.01764 (count: 5920)
375 40.6324 10.1883 26.3343 4.10981 (count: 5900)
390.625 44.6621 11.1851 28.7119 4.76511 (count: 220)
781.25 71.8436 13.8449 51.0356 6.96309 (count: 200)
1171.88 84.3571 18.241 58.0609 8.05516 (count: 180)
1562.5 90.2926 18.5848 63.8929 7.81485 (count: 160)
1953.12 104.717 21.7564 73.9882 8.97208 (count: 140)
2343.75 118.936 21.2999 88.4931 9.14277 (count: 120)
2734.38 133.55 25.0785 99.4107 9.06083 (count: 100)
3125 125.816 20.766 96.6932 8.35713 (count: 80)
3515.62 123.27 21.6036 92.6576 9.00898 (count: 60)
3906.25 113.21 23.5092 83.7369 5.9637 (count: 40)
4296.88 125.21 24.7849 96.3647 4.06033 (count: 20)
