0.001 4.48501e-06 4.49479e-06 4.48629e-06 4.47395e-06 (count: 9.99e+07)
0.002 1.79396e-05 1.79787e-05 1.79447e-05 1.78954e-05 (count: 9.99e+07)
0.003 4.03626e-05 4.04505e-05 4.03741e-05 4.02633e-05 (count: 9.99e+07)
0.004 7.17521e-05 7.19081e-05 7.17724e-05 7.15757e-05 (count: 9.98999e+07)
0.005 0.000112105 0.000112348 0.000112137 0.00011183 (count: 9.98999e+07)
0.006 0.000161418 0.000161768 0.000161463 0.000161023 (count: 9.98999e+07)
0.007 0.000219686 0.000220161 0.000219748 0.000219151 (count: 9.98999e+07)
0.008 0.000286905 0.000287524 0.000286984 0.000286208 (count: 9.98999e+07)
0.009 0.000363068 0.000363848 0.000363168 0.000362189 (count: 9.98998e+07)
0.01 0.000448169 0.000449128 0.00044829 0.000447088 (count: 9.98998e+07)
0.011 0.000542199 0.000543356 0.000542345 0.000540898 (count: 9.98998e+07)
0.012 0.000645152 0.000646521 0.000645322 0.000643611 (count: 9.98998e+07)
0.013 0.000757016 0.000758616 0.000757213 0.000755219 (count: 9.98998e+07)
0.014 0.000877783 0.000879628 0.000878008 0.000875712 (count: 9.98997e+07)
0.015 0.00100744 0.00100955 0.0010077 0.00100508 (count: 9.98997e+07)
0.016 0.00114598 0.00114836 0.00114626 0.00114331 (count: 9.98997e+07)
0.017 0.00129339 0.00129606 0.0012937 0.0012904 (count: 9.98997e+07)
0.018 0.00144965 0.00145262 0.00144999 0.00144633 (count: 9.98997e+07)
0.019 0.00161475 0.00161804 0.00161513 0.00161109 (count: 9.98996e+07)
0.02 0.00178868 0.0017923 0.00178909 0.00178466 (count: 9.98996e+07)
0.021 0.00197142 0.00197538 0.00197186 0.00196703 (count: 9.98996e+07)
0.022 0.00216296 0.00216726 0.00216342 0.00215819 (count: 9.98996e+07)
0.023 0.00236327 0.00236793 0.00236377 0.00235812 (count: 9.98996e+07)
0.024 0.00257235 0.00257737 0.00257287 0.00256681 (count: 9.98995e+07)
0.025 0.00279017 0.00279557 0.00279071 0.00278423 (count: 3.99598e+06)
0.05 0.0110102 0.0110238 0.0110096 0.0109972 (count: 3.99596e+06)
0.075 0.02424 0.0242438 0.0242299 0.0242462 (count: 3.99594e+06)
0.1 0.0418579 0.041808 0.0418226 0.0419432 (count: 3.99592e+06)
0.125 0.0631131 0.0629398 0.063031 0.0633685 (count: 3.9959e+06)
0.15 0.0871896 0.0868023 0.0870404 0.0877262 (count: 3.99588e+06)
0.175 0.113263 0.112555 0.113041 0.114192 (count: 3.99586e+06)
0.2 0.140546 0.139403 0.140283 0.141951 (count: 3.99584e+06)
0.225 0.168323 0.166628 0.168115 0.170226 (count: 3.99582e+06)
0.25 0.195972 0.193617 0.196002 0.198298 (count: 3.9958e+06)
0.275 0.222979 0.219873 0.22354 0.225524 (count: 3.99578e+06)
0.3 0.248939 0.245023 0.250445 0.25135 (count: 3.99576e+06)
0.325 0.27356 0.268816 0.276543 0.275321 (count: 3.99574e+06)
0.35 0.296651 0.291117 0.30175 0.297087 (count: 3.99572e+06)
0.375 0.318117 0.311894 0.326052 0.316404 (count: 3.9957e+06)
0.4 0.337941 0.331209 0.349482 0.333132 (count: 3.99568e+06)
0.425 0.356173 0.349192 0.372103 0.347223 (count: 3.99566e+06)
0.45 0.372908 0.366025 0.393984 0.358716 (count: 3.99564e+06)
0.475 0.388278 0.381921 0.415195 0.367719 (count: 3.99562e+06)
0.5 0.402431 0.397099 0.435793 0.374402 (count: 3.9956e+06)
0.525 0.415525 0.411773 0.455822 0.378979 (count: 3.99558e+06)
0.55 0.427713 0.426129 0.475309 0.381699 (count: 3.99556e+06)
0.575 0.439138 0.440317 0.494264 0.382833 (count: 3.99554e+06)
0.6 0.449928 0.454437 0.512685 0.382661 (count: 3.99552e+06)
0.625 0.45975 0.468069 0.529663 0.38152 (count: 159820)
1.25 0.597628 0.625811 0.756778 0.410296 (count: 159800)
1.875 0.655569 0.676195 0.86475 0.425762 (count: 159780)
2.5 0.759755 0.767471 1.04963 0.46216 (count: 159760)
3.125 0.841751 0.856486 1.17763 0.491132 (count: 159740)
3.75 0.903114 0.913375 1.28643 0.509532 (count: 159720)
4.375 0.96699 0.972508 1.39631 0.532156 (count: 159700)
5 1.02257 1.02216 1.4986 0.546959 (count: 159680)
5.625 1.08176 1.07803 1.59871 0.56854 (count: 159660)
6.25 1.13637 1.1288 1.69602 0.584296 (count: 159640)
6.875 1.1853 1.17358 1.78346 0.598878 (count: 159620)
7.5 1.23698 1.22185 1.87135 0.617738 (count: 159600)
8.125 1.28318 1.26461 1.95471 0.630239 (count: 159580)
8.75 1.32875 1.30711 2.03612 0.643025 (count: 159560)
9.375 1.37355 1.34891 2.11689 0.654853 (count: 159540)
10 1.42238 1.39503 2.20189 0.670229 (count: 159520)
10.625 1.46788 1.43483 2.28458 0.684225 (count: 159500)
11.25 1.51414 1.47772 2.3675 0.697214 (count: 159480)
11.875 1.55565 1.51307 2.44524 0.708633 (count: 159460)
12.5 1.60162 1.55587 2.52801 0.720982 (count: 159440)
13.125 1.64362 1.59415 2.60558 0.731146 (count: 159420)
13.75 1.68072 1.62915 2.67237 0.740655 (count: 159400)
14.375 1.72105 1.66738 2.74403 0.75175 (count: 159380)
15 1.76069 1.70643 2.81059 0.765057 (count: 159360)
15.625 1.8231 1.75408 2.91279 0.802423 (count: 6360)
31.25 2.66793 2.52204 4.43275 1.04899 (count: 6340)
46.875 3.34734 3.14153 5.67435 1.22615 (count: 6320)
62.5 3.98916 3.63901 6.90215 1.42631 (count: 6300)
78.125 4.5252 4.02708 7.95564 1.59288 (count: 6280)
93.75 5.0636 4.41151 9.03347 1.74581 (count: 6260)
109.375 5.66805 4.8924 10.2015 1.91026 (count: 6240)
125 6.27684 5.37731 11.3675 2.08575 (count: 6220)
140.625 6.86273 5.80655 12.5215 2.26017 (count: 6200)
156.25 7.42089 6.18216 13.667 2.41351 (count: 6180)
171.875 7.9372 6.5631 14.6501 2.59846 (count: 6160)
187.5 8.42269 6.84771 15.6737 2.74668 (count: 6140)
203.125 8.91233 7.20692 16.6478 2.88224 (count: 6120)
218.75 9.36402 7.54957 17.5356 3.00686 (count: 6100)
234.375 9.78853 7.81382 18.3897 3.16205 (count: 6080)
250 10.2203 8.09004 19.2846 3.28629 (count: 6060)
265.625 10.6455 8.39521 20.1429 3.3985 (count: 6040)
281.25 11.063 8.65347 21.0247 3.51073 (count: 6020)
296.875 11.4953 8.937 21.9253 3.62364 (count: 6000)
312.5 11.9136 9.2091 22.8043 3.72743 (count: 5980)
328.125 12.3058 9.4765 23.6095 3.83132 (count: 5960)
343.75 12.7591 9.74962 24.5824 3.94522 (count: 5940)
359.375 13.1604 9.98397 25.4796 4.01764 (count: 5920)
375 13.5441 10.1883 26.3343 4.10981 (count: 5900)
390.625 14.8874 11.1851 28.7119 4.76511 (count: 220)
781.25 23.9479 13.8449 51.0356 6.96309 (count: 200)
1171.88 28.119 18.241 58.0609 8.05516 (count: 180)
1562.5 30.0975 18.5848 63.8929 7.81485 (count: 160)
1953.12 34.9055 21.7564 73.9882 8.97208 (count: 140)
2343.75 39.6452 21.2999 88.4931 9.14277 (count: 120)
2734.38 44.5167 25.0785 99.4107 9.06083 (count: 100)
3125 41.9388 20.766 96.6932 8.35713 (count: 80)
3515.62 41.09 21.6036 92.6576 9.00898 (count: 60)
3906.25 37.7366 23.5092 83.7369 5.9637 (count: 40)
4296.88 41.7366 24.7849 96.3647 4.06033 (count: 20)
