0.001 1.34438e-05 4.46562e-06 4.49523e-06 4.48297e-06 (count: 4.995e+06)
0.002 5.37742e-05 1.78621e-05 1.79806e-05 1.79315e-05 (count: 4.995e+06)
0.003 0.000120988 4.01883e-05 4.04548e-05 4.03446e-05 (count: 4.995e+06)
0.004 0.000215079 7.14424e-05 7.19162e-05 7.17203e-05 (count: 4.995e+06)
0.005 0.00033604 0.000111622 0.000112362 0.000112056 (count: 4.995e+06)
0.006 0.00048386 0.000160723 0.000161789 0.000161349 (count: 4.995e+06)
0.007 0.000658529 0.000218742 0.000220192 0.000219594 (count: 4.99499e+06)
0.008 0.00086003 0.000285674 0.000287568 0.000286788 (count: 4.99499e+06)
0.009 0.00108835 0.000361514 0.00036391 0.000362924 (count: 4.99499e+06)
0.01 0.00134346 0.000446254 0.000449211 0.000447996 (count: 4.99499e+06)
0.011 0.00162535 0.000539889 0.000543466 0.000541998 (count: 4.99499e+06)
0.012 0.001934 0.000642409 0.000646665 0.000644922 (count: 4.99499e+06)
0.013 0.00226937 0.000753808 0.0007588 0.00075676 (count: 4.99499e+06)
0.014 0.00263144 0.000874075 0.000879863 0.000877502 (count: 4.99499e+06)
0.015 0.00302018 0.0010032 0.00100984 0.00100714 (count: 4.99499e+06)
0.016 0.00343556 0.00114117 0.00114873 0.00114566 (count: 4.99498e+06)
0.017 0.00387754 0.00128798 0.00129651 0.00129305 (count: 4.99498e+06)
0.018 0.0043461 0.00144362 0.00145317 0.00144931 (count: 4.99498e+06)
0.019 0.00484118 0.00160806 0.0016187 0.00161441 (count: 4.99498e+06)
0.02 0.00536275 0.00178131 0.00179309 0.00178835 (count: 4.99498e+06)
0.021 0.00591077 0.00196334 0.00197631 0.00197112 (count: 4.99498e+06)
0.022 0.00648519 0.00215414 0.00216837 0.00216268 (count: 4.99498e+06)
0.023 0.00708596 0.00235369 0.00236923 0.00236304 (count: 4.99498e+06)
0.024 0.00771304 0.00256197 0.00257889 0.00257218 (count: 4.99498e+06)
0.025 0.00836638 0.00277899 0.00279732 0.00279008 (count: 199799)
0.05 0.0330464 0.0109761 0.0110475 0.0110228 (count: 199798)
0.075 0.0728646 0.0242 0.0243543 0.0243103 (count: 199797)
0.1 0.126071 0.0418711 0.0421299 0.0420703 (count: 199796)
0.125 0.190537 0.0632879 0.0636628 0.0635865 (count: 199795)
0.15 0.263931 0.0876867 0.0881811 0.0880636 (count: 199794)
0.175 0.343876 0.11429 0.114912 0.114674 (count: 199793)
0.2 0.428077 0.14235 0.143133 0.142594 (count: 199792)
0.225 0.514422 0.171176 0.172212 0.171034 (count: 199791)
0.25 0.601052 0.200162 0.20163 0.19926 (count: 199790)
0.275 0.686403 0.228803 0.23099 0.22661 (count: 199789)
0.3 0.769232 0.256702 0.260018 0.252512 (count: 199788)
0.325 0.848618 0.283573 0.288554 0.276492 (count: 199787)
0.35 0.923952 0.30924 0.316527 0.298184 (count: 199786)
0.375 0.994907 0.333629 0.343945 0.317333 (count: 199785)
0.4 1.06141 0.356754 0.370863 0.333791 (count: 199784)
0.425 1.12358 0.378701 0.397369 0.347508 (count: 199783)
0.45 1.1817 0.399612 0.423559 0.358524 (count: 199782)
0.475 1.23614 0.41966 0.44952 0.366959 (count: 199781)
0.5 1.28735 0.439031 0.475325 0.372994 (count: 199780)
0.525 1.33579 0.457909 0.50102 0.376864 (count: 199779)
0.55 1.38192 0.476456 0.526621 0.37884 (count: 199778)
0.575 1.42614 0.494803 0.552118 0.379217 (count: 199777)
0.6 1.46881 0.513038 0.577472 0.378303 (count: 199776)
0.625 1.51118 0.53213 0.604761 0.374293 (count: 7991)
1.25 2.13637 0.757703 0.961465 0.417201 (count: 7990)
1.875 2.26498 0.792288 1.05305 0.419648 (count: 7989)
2.5 2.68363 0.913381 1.30066 0.469586 (count: 7988)
3.125 3.06347 1.05721 1.50431 0.501951 (count: 7987)
3.75 3.31183 1.13605 1.66522 0.510565 (count: 7986)
4.375 3.60672 1.22465 1.84531 0.536757 (count: 7985)
5 3.88015 1.32013 2.00481 0.55521 (count: 7984)
5.625 4.17308 1.4029 2.1876 0.582582 (count: 7983)
6.25 4.45502 1.50404 2.35288 0.598096 (count: 7982)
6.875 4.73632 1.60342 2.50496 0.627941 (count: 7981)
7.5 4.99562 1.68903 2.65739 0.649195 (count: 7980)
8.125 5.22351 1.76946 2.79884 0.655211 (count: 7979)
8.75 5.45021 1.85451 2.92708 0.668612 (count: 7978)
9.375 5.68487 1.94681 3.05454 0.683525 (count: 7977)
10 5.93074 2.02573 3.20523 0.69978 (count: 7976)
10.625 6.17221 2.10915 3.35047 0.712583 (count: 7975)
11.25 6.39748 2.19413 3.47888 0.724467 (count: 7974)
11.875 6.63171 2.26089 3.62418 0.746642 (count: 7973)
12.5 6.87406 2.34252 3.77141 0.760136 (count: 7972)
13.125 7.0916 2.42514 3.88872 0.777739 (count: 7971)
13.75 7.31433 2.49782 4.02922 0.7873 (count: 7970)
14.375 7.54378 2.57203 4.16714 0.804616 (count: 7969)
15 7.77915 2.66964 4.2818 0.827715 (count: 7968)
15.625 7.9098 2.58146 4.45251 0.875834 (count: 318)
31.25 12.6739 4.0996 7.3248 1.24949 (count: 317)
46.875 16.9719 5.52242 9.91299 1.53643 (count: 316)
62.5 20.5094 6.57483 12.1491 1.78551 (count: 315)
78.125 22.429 6.64824 13.7916 1.98917 (count: 314)
93.75 24.7856 6.88369 15.7234 2.17855 (count: 313)
109.375 27.174 6.81028 17.7889 2.57483 (count: 312)
125 30.2678 7.11983 20.2966 2.85144 (count: 311)
140.625 33.3586 7.61777 22.6391 3.10175 (count: 310)
156.25 36.3706 7.88582 25.2999 3.18486 (count: 309)
171.875 39.4239 8.8746 27.2245 3.3248 (count: 308)
187.5 41.4238 8.99071 28.9385 3.49462 (count: 307)
203.125 44.1045 9.18022 31.1723 3.75208 (count: 306)
218.75 46.1838 9.29476 33.0496 3.83942 (count: 305)
234.375 48.2585 9.33643 34.8011 4.12097 (count: 304)
250 50.7473 9.32082 37.101 4.32545 (count: 303)
265.625 52.9347 9.26603 39.2566 4.41206 (count: 302)
281.25 54.5754 9.16886 40.911 4.49557 (count: 301)
296.875 55.7821 9.36164 41.8187 4.60172 (count: 300)
312.5 57.9178 9.32518 43.9388 4.65373 (count: 299)
328.125 59.4066 8.96123 45.8164 4.62896 (count: 298)
343.75 61.7712 9.22603 47.7437 4.8015 (count: 297)
359.375 64.1981 9.42588 49.8325 4.9397 (count: 296)
375 65.7734 9.53312 51.1539 5.08639 (count: 295)
390.625 67.4502 5.55072 56.4148 5.48463 (count: 11)
781.25 132.139 5.92026 118.961 7.25781 (count: 10)
1171.88 179.91 7.91187 161.175 10.8229 (count: 9)
1562.5 280.481 9.16082 262.197 9.12386 (count: 8)
1953.12 410.457 9.133 388.893 12.4312 (count: 7)
2343.75 454.843 8.78497 434.409 11.6481 (count: 6)
2734.38 465.85 11.2051 436.223 18.4222 (count: 5)
3125 576.934 16.8146 536.093 24.0267 (count: 4)
3515.62 740.291 18.433 688.258 33.5994 (count: 3)
3906.25 641.55 14.8092 604.189 22.5518 (count: 2)
4296.88 241.75 13.091 211.832 16.8272 (count: 1)
